Date,Low,Open,Volume,High,Close,Adjusted Close
12-10-2011,1260.0,1260.0,2,1260.0,1260.0,1260.0
13-10-2011,1300.0,1300.0,0,1300.0,1300.0,1300.0
14-10-2011,1300.0,1300.0,1,1300.0,1300.0,1300.0
17-10-2011,1300.0,1300.0,0,1300.0,1300.0,1300.0
18-10-2011,1300.0,1300.0,0,1300.0,1300.0,1300.0
19-10-2011,1300.0,1300.0,0,1300.0,1300.0,1300.0
20-10-2011,1300.0,1300.0,0,1300.0,1300.0,1300.0
21-10-2011,1300.0,1300.0,0,1300.0,1300.0,1300.0
24-10-2011,1300.0,1300.0,0,1300.0,1300.0,1300.0
25-10-2011,1300.0,1300.0,0,1300.0,1300.0,1300.0
26-10-2011,1300.0,1300.0,0,1300.0,1300.0,1300.0
27-10-2011,1300.0,1300.0,0,1300.0,1300.0,1300.0
28-10-2011,1300.0,1300.0,0,1300.0,1300.0,1300.0
31-10-2011,1260.0,1260.0,0,1260.0,1260.0,1260.0
01-11-2011,1260.0,1260.0,0,1260.0,1260.0,1260.0
02-11-2011,1260.0,1260.0,4,1260.0,1260.0,1260.0
03-11-2011,1100.0,1100.0,3,1100.0,1100.0,1100.0
04-11-2011,1100.0,1260.0,1,1260.0,1100.0,1100.0
07-11-2011,1250.0,1260.0,3,1260.0,1250.0,1250.0
08-11-2011,1250.0,1260.0,8,1260.0,1260.0,1260.0
09-11-2011,1240.0,1260.0,9,1300.0,1250.0,1250.0
10-11-2011,1250.0,1300.0,5,1300.0,1250.0,1250.0
11-11-2011,1250.0,1250.0,0,1250.0,1250.0,1250.0
14-11-2011,1250.0,1250.0,0,1250.0,1250.0,1250.0
15-11-2011,1250.0,1250.0,0,1250.0,1250.0,1250.0
16-11-2011,1250.0,1250.0,0,1250.0,1250.0,1250.0
17-11-2011,1250.0,1250.0,0,1250.0,1250.0,1250.0
18-11-2011,1250.0,1250.0,0,1250.0,1250.0,1250.0
21-11-2011,1180.0,1180.0,2,1180.0,1180.0,1180.0
22-11-2011,1180.0,1180.0,0,1180.0,1180.0,1180.0
23-11-2011,1180.0,1180.0,0,1180.0,1180.0,1180.0
25-11-2011,1180.0,1180.0,0,1180.0,1180.0,1180.0
28-11-2011,1180.0,1180.0,0,1180.0,1180.0,1180.0
29-11-2011,1100.0,1100.0,1,1100.0,1100.0,1100.0
30-11-2011,1250.0,1300.0,0,1300.0,1250.0,1250.0
01-12-2011,1250.0,1250.0,0,1250.0,1250.0,1250.0
02-12-2011,1250.0,1250.0,0,1250.0,1250.0,1250.0
05-12-2011,1250.0,1250.0,0,1250.0,1250.0,1250.0
06-12-2011,1100.0,1100.0,0,1100.0,1100.0,1100.0
07-12-2011,1100.0,1100.0,0,1100.0,1100.0,1100.0
08-12-2011,1100.0,1100.0,0,1100.0,1100.0,1100.0
09-12-2011,1100.0,1100.0,0,1100.0,1100.0,1100.0
12-12-2011,1300.0,1300.0,1,1300.0,1300.0,1300.0
13-12-2011,1150.0,1300.0,3,1300.0,1150.0,1150.0
14-12-2011,1150.0,1150.0,1,1150.0,1150.0,1150.0
15-12-2011,1150.0,1150.0,0,1150.0,1150.0,1150.0
16-12-2011,1100.0,1100.0,1,1100.0,1100.0,1100.0
19-12-2011,1100.0,1100.0,0,1100.0,1100.0,1100.0
20-12-2011,1100.0,1100.0,1,1100.0,1100.0,1100.0
21-12-2011,1200.0,1200.0,0,1200.0,1200.0,1200.0
22-12-2011,1200.0,1200.0,0,1200.0,1200.0,1200.0
23-12-2011,1100.0,1100.0,2,1150.0,1150.0,1150.0
27-12-2011,1150.0,1150.0,0,1150.0,1150.0,1150.0
28-12-2011,1150.0,1150.0,1,1150.0,1150.0,1150.0
29-12-2011,1150.0,1150.0,0,1150.0,1150.0,1150.0
30-12-2011,1150.0,1150.0,13,1200.0,1200.0,1200.0
03-01-2012,1100.0,1200.0,2,1300.0,1250.0,1250.0
04-01-2012,1170.0,1250.0,7,1250.0,1170.0,1170.0
05-01-2012,1200.0,1250.0,1,1250.0,1200.0,1200.0
06-01-2012,1120.0,1200.0,2,1200.0,1200.0,1200.0
09-01-2012,1200.0,1200.0,30,1300.0,1250.0,1250.0
10-01-2012,1200.0,1250.0,2,1250.0,1200.0,1200.0
11-01-2012,1250.0,1250.0,2,1250.0,1250.0,1250.0
12-01-2012,1250.0,1250.0,5,1400.0,1290.0,1290.0
13-01-2012,1300.0,1300.0,1,1300.0,1300.0,1300.0
17-01-2012,1300.0,1330.0,9,1350.0,1350.0,1350.0
18-01-2012,1300.0,1400.0,44,1500.0,1450.0,1450.0
19-01-2012,1500.0,1500.0,40,1750.0,1600.0,1600.0
20-01-2012,1400.0,1740.0,32,1740.0,1600.0,1600.0
23-01-2012,1600.0,1650.0,14,1750.0,1650.0,1650.0
24-01-2012,1400.0,1400.0,26,1690.0,1490.0,1490.0
25-01-2012,1400.0,1450.0,19,1860.0,1750.0,1750.0
26-01-2012,1850.0,1850.0,2,2100.0,2100.0,2100.0
27-01-2012,1900.0,2000.0,6,2100.0,1900.0,1900.0
30-01-2012,2000.0,2000.0,13,2100.0,2050.0,2050.0
31-01-2012,2050.0,2050.0,62,2350.0,2250.0,2250.0
01-02-2012,1510.0,2200.0,16,2300.0,2150.0,2150.0
02-02-2012,2000.0,2150.0,2,2150.0,2100.0,2100.0
03-02-2012,1850.0,2150.0,20,2150.0,2059.0,2059.0
06-02-2012,1840.0,2000.0,18,2150.0,2000.0,2000.0
07-02-2012,1500.0,2000.0,20,2000.0,1600.0,1600.0
08-02-2012,1600.0,1620.0,40,2000.0,1900.0,1900.0
09-02-2012,1000.0,1900.0,77,1900.0,1500.0,1500.0
10-02-2012,1400.0,1800.0,28,1800.0,1400.0,1400.0
13-02-2012,1250.0,1300.0,38,1700.0,1500.0,1500.0
14-02-2012,1250.0,1800.0,90,1900.0,1250.0,1250.0
15-02-2012,1280.0,1650.0,26,1650.0,1400.0,1400.0
16-02-2012,1220.0,1250.0,53,1550.0,1250.0,1250.0
17-02-2012,1250.0,1250.0,18,1350.0,1280.0,1280.0
21-02-2012,1150.0,1350.0,29,1350.0,1200.0,1200.0
22-02-2012,750.0,1200.0,20,1250.0,1150.0,1150.0
23-02-2012,900.0,1110.0,23,1150.0,900.0,900.0
24-02-2012,680.0,900.0,47,1100.0,1000.0,1000.0
27-02-2012,680.0,680.0,17,1100.0,1100.0,1100.0
28-02-2012,850.0,850.0,24,1150.0,1000.0,1000.0
29-02-2012,850.0,1100.0,37,1100.0,1000.0,1000.0
01-03-2012,701.0,800.0,32,850.0,710.0,710.0
02-03-2012,750.0,750.0,27,1010.0,900.0,900.0
05-03-2012,850.0,990.0,33,1000.0,900.0,900.0
06-03-2012,510.0,850.0,183,900.0,850.0,850.0
07-03-2012,650.0,850.0,39,890.0,650.0,650.0
08-03-2012,450.0,750.0,116,750.0,450.0,450.0
09-03-2012,450.0,600.0,125,600.0,470.0,470.0
12-03-2012,340.0,450.0,60,500.0,340.0,340.0
13-03-2012,360.0,510.0,153,540.0,400.0,400.0
14-03-2012,385.0,410.0,7,450.0,450.0,450.0
15-03-2012,400.0,450.0,42,480.0,423.0,423.0
16-03-2012,420.0,420.0,15,500.0,430.0,430.0
19-03-2012,350.0,500.0,72,500.0,360.0,360.0
20-03-2012,396.0,400.0,67,530.0,400.0,400.0
21-03-2012,80.0,360.0,66,450.0,320.0,320.0
22-03-2012,280.0,360.0,46,360.0,360.0,360.0
23-03-2012,290.0,330.0,47,360.0,300.0,300.0
26-03-2012,280.0,360.0,118,360.0,280.0,280.0
27-03-2012,250.0,300.0,18,300.0,300.0,300.0
28-03-2012,181.0,300.0,125,300.0,181.0,181.0
29-03-2012,170.0,181.0,120,230.0,205.0,205.0
30-03-2012,160.0,200.0,31,200.0,180.0,180.0
02-04-2012,105.0,105.0,26,186.3000030517578,150.0,150.0
03-04-2012,100.0,100.0,93,150.0,150.0,150.0
04-04-2012,150.0,150.0,35,250.0,250.0,250.0
05-04-2012,300.0,300.0,58,400.0,300.0,300.0
09-04-2012,300.0,300.0,34,544.9000244140625,350.0,350.0
10-04-2012,300.0,350.0,148,450.0,320.0,320.0
11-04-2012,330.0,350.0,72,420.0,330.0,330.0
12-04-2012,330.0,400.0,86,400.0,330.0,330.0
13-04-2012,250.0,370.0,93,370.0,280.0,280.0
16-04-2012,100.0,100.0,73,280.0,250.0,250.0
17-04-2012,170.0,220.0,42,250.0,200.0,200.0
18-04-2012,151.0,270.0,116,270.0,180.0,180.0
19-04-2012,130.0,245.0,136,245.0,160.0,160.0
20-04-2012,100.0,160.0,173,200.0,120.0,120.0
23-04-2012,90.0,100.0,174,190.0,130.0,130.0
24-04-2012,130.0,150.0,196,199.0,150.0,150.0
25-04-2012,115.5,199.0,279,199.0,115.5,115.5
26-04-2012,110.0,169.5,69,169.5,149.3000030517578,149.3000030517578
27-04-2012,110.0,170.0,225,180.0,120.0,120.0
30-04-2012,129.8000030517578,129.8000030517578,13,129.8000030517578,129.8000030517578,129.8000030517578
01-05-2012,100.5,130.0,163,130.0,120.0,120.0
02-05-2012,100.0,111.0,250,127.0,100.0,100.0
03-05-2012,85.0,100.0,52,100.0,85.0,85.0
04-05-2012,85.0,85.0,117,100.0,89.9000015258789,89.9000015258789
07-05-2012,99.0,99.0,347,170.0,120.0,120.0
08-05-2012,120.0,300.0,146,300.0,120.0,120.0
09-05-2012,100.0,160.0,133,160.0,100.0,100.0
10-05-2012,90.0,119.5,228,190.0,90.0,90.0
11-05-2012,95.0,140.0,66,140.0,100.0,100.0
14-05-2012,81.0,130.0,119,130.0,90.0,90.0
15-05-2012,80.0,109.9000015258789,69,109.9000015258789,80.0,80.0
16-05-2012,70.0,80.0,156,95.0,95.0,95.0
17-05-2012,80.0,95.0,10,95.0,90.0,90.0
18-05-2012,50.099998474121094,90.0,124,90.0,69.0,69.0
21-05-2012,69.0,69.0,58,70.0,70.0,70.0
22-05-2012,70.0,80.0,38,100.0,70.0,70.0
23-05-2012,52.0,70.0,81,70.0,60.0,60.0
24-05-2012,60.0,60.099998474121094,54,70.0,60.70000076293945,60.70000076293945
25-05-2012,50.0,60.70000076293945,120,99.0,99.0,99.0
29-05-2012,55.099998474121094,100.0,14,100.0,95.0,95.0
30-05-2012,53.0,90.0,203,90.0,79.0,79.0
31-05-2012,50.0,80.0,173,80.0,60.0,60.0
01-06-2012,45.0,65.0,73,65.0,50.0,50.0
04-06-2012,40.0,59.0,118,59.0,50.0,50.0
05-06-2012,40.0,40.0,115,50.0,40.0,40.0
06-06-2012,49.900001525878906,49.900001525878906,10,49.900001525878906,49.900001525878906,49.900001525878906
07-06-2012,30.0,40.0,65,49.900001525878906,49.900001525878906,49.900001525878906
08-06-2012,49.900001525878906,49.900001525878906,0,49.900001525878906,49.900001525878906,49.900001525878906
11-06-2012,31.100000381469727,40.0,3,40.0,40.0,40.0
12-06-2012,40.0,40.0,27,49.900001525878906,49.900001525878906,49.900001525878906
13-06-2012,66.0,67.0,17,67.0,66.0,66.0
14-06-2012,50.0,66.0,17,66.0,50.0,50.0
15-06-2012,42.0,50.0,40,50.0,45.0,45.0
18-06-2012,45.0,45.0,2,45.0,45.0,45.0
19-06-2012,30.0,45.0,47,64.0,35.099998474121094,35.099998474121094
20-06-2012,49.900001525878906,49.900001525878906,105,60.0,60.0,60.0
21-06-2012,35.099998474121094,45.0,93,59.900001525878906,45.0,45.0
22-06-2012,45.0,59.900001525878906,5,59.900001525878906,45.0,45.0
25-06-2012,45.0,45.0,3,45.0,45.0,45.0
26-06-2012,50.0,58.0,102,59.900001525878906,59.900001525878906,59.900001525878906
27-06-2012,60.0,70.0,17,70.0,65.0,65.0
28-06-2012,47.5,47.5,3,50.0,50.0,50.0
29-06-2012,31.0,45.0,16,45.0,31.0,31.0
02-07-2012,35.0,35.0,5,40.0,40.0,40.0
03-07-2012,40.0,40.0,18,40.0,40.0,40.0
05-07-2012,40.0,50.0,1,50.0,40.0,40.0
06-07-2012,40.0,40.0,0,40.0,40.0,40.0
09-07-2012,35.0,40.0,149,40.0,40.0,40.0
10-07-2012,40.0,40.0,167,40.0,40.0,40.0
11-07-2012,40.0,40.0,0,40.0,40.0,40.0
12-07-2012,35.0,37.5,20,40.0,35.0,35.0
13-07-2012,35.0,35.0,0,35.0,35.0,35.0
16-07-2012,35.0,35.0,0,40.0,40.0,40.0
17-07-2012,32.0,35.0,10,35.0,32.0,32.0
18-07-2012,32.0,32.0,0,32.0,32.0,32.0
19-07-2012,32.0,40.0,91,40.0,32.0,32.0
20-07-2012,30.0,32.0,92,32.0,30.0,30.0
23-07-2012,30.0,30.0,0,30.0,30.0,30.0
24-07-2012,50.0,60.0,27,60.0,59.900001525878906,59.900001525878906
25-07-2012,59.900001525878906,59.900001525878906,0,59.900001525878906,59.900001525878906,59.900001525878906
26-07-2012,13.5,13.5,71,59.0,59.0,59.0
27-07-2012,33.0,40.0,26,54.0,54.0,54.0
30-07-2012,59.0,59.0,1,59.0,59.0,59.0
31-07-2012,59.0,59.0,4,59.0,59.0,59.0
01-08-2012,25.0,25.0,7,58.0,58.0,58.0
02-08-2012,25.0,25.0,40,57.5,40.0,40.0
03-08-2012,41.0,41.0,34,41.0,41.0,41.0
06-08-2012,41.0,41.0,0,41.0,41.0,41.0
07-08-2012,40.0,40.0,43,40.0,40.0,40.0
08-08-2012,40.0,40.0,0,40.0,40.0,40.0
09-08-2012,40.0,40.0,0,40.0,40.0,40.0
10-08-2012,40.0,40.0,0,40.0,40.0,40.0
13-08-2012,40.0,40.0,0,40.0,40.0,40.0
14-08-2012,40.0,40.0,0,40.0,40.0,40.0
15-08-2012,40.0,40.0,0,40.0,40.0,40.0
16-08-2012,40.0,40.0,0,40.0,40.0,40.0
17-08-2012,40.0,40.0,0,40.0,40.0,40.0
20-08-2012,40.0,40.0,0,40.0,40.0,40.0
21-08-2012,40.0,40.0,0,40.0,40.0,40.0
22-08-2012,40.0,40.0,0,40.0,40.0,40.0
23-08-2012,50.0,50.0,2,50.0,50.0,50.0
24-08-2012,50.0,50.0,0,50.0,50.0,50.0
27-08-2012,50.0,50.0,0,50.0,50.0,50.0
28-08-2012,50.0,50.0,0,50.0,50.0,50.0
29-08-2012,50.0,50.0,0,50.0,50.0,50.0
30-08-2012,50.0,50.0,0,50.0,50.0,50.0
31-08-2012,62.5,62.5,12,62.5,62.5,62.5
04-09-2012,62.5,62.5,0,62.5,62.5,62.5
05-09-2012,62.5,62.5,0,62.5,62.5,62.5
06-09-2012,62.5,62.5,0,62.5,62.5,62.5
07-09-2012,75.0,75.0,2,75.0,75.0,75.0
10-09-2012,75.0,75.0,0,75.0,75.0,75.0
11-09-2012,75.0,75.0,0,75.0,75.0,75.0
12-09-2012,75.0,75.0,2,75.0,75.0,75.0
13-09-2012,75.0,75.0,0,75.0,75.0,75.0
14-09-2012,75.0,75.0,0,75.0,75.0,75.0
17-09-2012,75.0,75.0,23,75.0,75.0,75.0
18-09-2012,75.0,75.0,117,75.0,75.0,75.0
19-09-2012,75.0,75.0,20,75.0,75.0,75.0
20-09-2012,50.0,62.5,131,75.0,50.0,50.0
21-09-2012,30.5,30.5,84,50.0,50.0,50.0
24-09-2012,50.5,50.5,28,50.5,50.5,50.5
25-09-2012,50.5,50.5,26,50.5,50.5,50.5
26-09-2012,51.5,51.5,40,51.5,51.5,51.5
27-09-2012,52.5,52.5,4,52.5,52.5,52.5
28-09-2012,52.5,52.5,0,52.5,52.5,52.5
01-10-2012,51.0,69.5,161,69.5,51.0,51.0
02-10-2012,65.0,65.0,60,65.0,65.0,65.0
03-10-2012,50.5,50.5,3,50.5,50.5,50.5
04-10-2012,50.5,50.5,53,65.0,65.0,65.0
05-10-2012,52.5,52.5,5,52.5,52.5,52.5
08-10-2012,62.5,62.5,54,64.0,64.0,64.0
09-10-2012,53.0,53.0,15,53.0,53.0,53.0
10-10-2012,55.5,64.0,38,64.0,55.5,55.5
11-10-2012,55.5,55.5,29,56.0,56.0,56.0
12-10-2012,57.0,57.0,4,57.0,57.0,57.0
15-10-2012,57.0,57.0,0,57.0,57.0,57.0
16-10-2012,57.0,57.0,13,57.0,57.0,57.0
17-10-2012,57.0,57.0,10,57.0,57.0,57.0
18-10-2012,57.0,57.0,6,57.0,57.0,57.0
19-10-2012,57.0,57.0,0,57.0,57.0,57.0
22-10-2012,57.0,57.0,0,57.0,57.0,57.0
23-10-2012,57.0,57.0,0,57.0,57.0,57.0
24-10-2012,57.0,57.0,0,57.0,57.0,57.0
25-10-2012,57.0,57.0,0,57.0,57.0,57.0
26-10-2012,57.0,57.0,0,57.0,57.0,57.0
31-10-2012,59.5,59.5,14,59.5,59.5,59.5
01-11-2012,53.5,53.5,5,53.5,53.5,53.5
02-11-2012,53.5,53.5,0,53.5,53.5,53.5
05-11-2012,53.5,53.5,24,55.0,55.0,55.0
06-11-2012,55.0,55.0,0,55.0,55.0,55.0
07-11-2012,54.0,54.0,2,54.0,54.0,54.0
08-11-2012,49.5,51.5,124,51.5,50.0,50.0
09-11-2012,50.0,50.0,0,50.0,50.0,50.0
12-11-2012,50.0,50.0,0,50.0,50.0,50.0
13-11-2012,30.5,30.5,3,30.5,30.5,30.5
14-11-2012,30.5,30.5,0,30.5,30.5,30.5
15-11-2012,35.5,35.5,3,35.5,35.5,35.5
16-11-2012,35.5,35.5,0,35.5,35.5,35.5
19-11-2012,35.5,35.5,0,35.5,35.5,35.5
20-11-2012,35.5,35.5,0,35.5,35.5,35.5
21-11-2012,50.0,50.0,28,57.5,57.0,57.0
23-11-2012,57.0,57.0,0,57.0,57.0,57.0
26-11-2012,57.0,57.0,0,57.0,57.0,57.0
27-11-2012,57.0,57.0,0,57.0,57.0,57.0
28-11-2012,57.0,57.0,0,57.0,57.0,57.0
29-11-2012,57.0,59.0,207,61.0,57.0,57.0
30-11-2012,57.0,57.0,0,57.0,57.0,57.0
03-12-2012,52.5,52.5,2,52.5,52.5,52.5
04-12-2012,32.5,51.5,180,51.5,33.0,33.0
05-12-2012,33.0,33.0,0,33.0,33.0,33.0
06-12-2012,33.5,33.5,10,33.5,33.5,33.5
07-12-2012,33.5,33.5,0,33.5,33.5,33.5
10-12-2012,33.5,33.5,0,33.5,33.5,33.5
11-12-2012,33.5,33.5,5,33.5,33.5,33.5
12-12-2012,33.5,33.5,0,33.5,33.5,33.5
13-12-2012,33.5,33.5,0,33.5,33.5,33.5
14-12-2012,30.0,30.0,50,52.5,52.5,52.5
17-12-2012,52.5,52.5,7,52.5,52.5,52.5
18-12-2012,52.5,52.5,0,52.5,52.5,52.5
19-12-2012,45.5,45.5,2,45.5,45.5,45.5
20-12-2012,45.5,45.5,0,45.5,45.5,45.5
21-12-2012,45.5,45.5,0,45.5,45.5,45.5
24-12-2012,33.05500030517578,33.05500030517578,11,33.05500030517578,33.05500030517578,33.05500030517578
26-12-2012,33.05500030517578,33.05500030517578,0,33.05500030517578,33.05500030517578,33.05500030517578
27-12-2012,33.75,33.75,5,33.75,33.75,33.75
28-12-2012,33.75,33.75,0,33.75,33.75,33.75
31-12-2012,33.75,33.75,0,33.75,33.75,33.75
02-01-2013,50.0,50.0,20,50.0,50.0,50.0
03-01-2013,50.0,50.0,0,50.0,50.0,50.0
04-01-2013,50.0,50.0,0,50.0,50.0,50.0
07-01-2013,27.75,27.75,37,50.0,50.0,50.0
08-01-2013,50.0,50.0,30,50.0,50.0,50.0
09-01-2013,50.0,50.0,0,50.0,50.0,50.0
10-01-2013,50.0,50.0,0,50.0,50.0,50.0
11-01-2013,49.5,49.5,72,50.0,50.0,50.0
14-01-2013,50.0,50.0,0,50.0,50.0,50.0
15-01-2013,40.0,40.0,11,40.0,40.0,40.0
16-01-2013,40.0,40.0,16,40.0,40.0,40.0
17-01-2013,40.0,40.0,0,40.0,40.0,40.0
18-01-2013,37.5,37.5,4,37.5,37.5,37.5
22-01-2013,37.5,37.5,0,37.5,37.5,37.5
23-01-2013,37.5,37.5,0,37.5,37.5,37.5
24-01-2013,37.5,37.5,0,37.5,37.5,37.5
25-01-2013,37.5,37.5,0,37.5,37.5,37.5
28-01-2013,5.005000114440918,5.005000114440918,4,5.005000114440918,5.005000114440918,5.005000114440918
29-01-2013,5.005000114440918,5.005000114440918,139,40.0,37.5,37.5
30-01-2013,37.5,37.5,0,37.5,37.5,37.5
31-01-2013,40.0,40.0,20,40.0,40.0,40.0
01-02-2013,40.0,40.0,2,40.0,40.0,40.0
04-02-2013,40.0,40.0,0,40.0,40.0,40.0
05-02-2013,40.0,40.0,0,40.0,40.0,40.0
06-02-2013,40.0,40.0,0,40.0,40.0,40.0
07-02-2013,40.0,40.0,0,40.0,40.0,40.0
08-02-2013,40.0,40.0,0,40.0,40.0,40.0
11-02-2013,40.0,40.0,0,40.0,40.0,40.0
12-02-2013,40.0,40.0,0,40.0,40.0,40.0
13-02-2013,40.0,40.0,0,40.0,40.0,40.0
14-02-2013,40.0,40.0,42,40.0,40.0,40.0
15-02-2013,40.0,40.0,0,40.0,40.0,40.0
19-02-2013,30.0,35.0,49,35.0,30.0,30.0
20-02-2013,30.0,30.0,0,30.0,30.0,30.0
21-02-2013,30.0,30.0,0,30.0,30.0,30.0
22-02-2013,30.0,30.0,0,30.0,30.0,30.0
25-02-2013,30.0,30.0,0,30.0,30.0,30.0
26-02-2013,26.0,26.0,2,26.0,26.0,26.0
27-02-2013,26.0,26.0,4,26.0,26.0,26.0
28-02-2013,26.0,26.0,0,26.0,26.0,26.0
01-03-2013,27.5,30.0,287,30.0,30.0,30.0
04-03-2013,5.505000114440918,5.505000114440918,6,40.0,40.0,40.0
05-03-2013,40.0,40.0,46,40.0,40.0,40.0
06-03-2013,32.5,32.5,103,52.0,52.0,52.0
07-03-2013,52.5,52.5,79,59.5,59.0,59.0
08-03-2013,59.0,59.0,8,59.5,59.5,59.5
11-03-2013,50.5,59.5,269,65.0,62.5,62.5
12-03-2013,62.5,63.75,1818,126.0,76.0,76.0
13-03-2013,75.0,75.0,2224,95.0,90.5,90.5
14-03-2013,100.0,100.5,5777,125.0,109.0,109.0
15-03-2013,106.5,115.0,4788,124.0,107.5,107.5
18-03-2013,84.5,120.0,3650,120.0,84.5,84.5
19-03-2013,80.5,90.0,4597,97.5,82.5,82.5
20-03-2013,52.5,82.5,2759,87.5,55.5,55.5
21-03-2013,55.0,55.5,910,75.0,59.0,59.0
22-03-2013,57.5,57.75,1229,75.0,65.0,65.0
25-03-2013,65.0,65.0,1053,80.5,78.5,78.5
26-03-2013,78.0,80.0,1204,98.5,98.5,98.5
27-03-2013,95.5,96.0,1828,112.5,106.5,106.5
28-03-2013,102.0,102.5,2578,137.0,125.0,125.0
01-04-2013,125.0,130.0,1958,180.0,180.0,180.0
02-04-2013,180.5,182.5,5516,325.0,235.0,235.0
03-04-2013,140.0,239.0,8547,309.5,160.0,160.0
04-04-2013,125.0,149.5,6185,213.0,127.0,127.0
05-04-2013,125.0,125.0,3976,140.0,136.0,136.0
08-04-2013,134.5,137.0,5508,155.0,136.5,136.5
09-04-2013,134.5,136.5,2567,144.0,134.5,134.5
10-04-2013,100.0,137.5,3288,137.5,114.0,114.0
11-04-2013,87.0,102.5,3690,110.0,99.5,99.5
12-04-2013,94.5,94.5,2689,117.5,115.0,115.0
15-04-2013,99.5,117.0,2661,117.0,103.72000122070312,103.72000122070312
16-04-2013,99.5,105.0,2880,111.0,106.5,106.5
17-04-2013,97.5,115.0,2917,115.0,97.5,97.5
18-04-2013,96.0,102.5,2715,105.0,96.5,96.5
19-04-2013,90.0,96.5,1517,107.5,95.0,95.0
22-04-2013,58.0,93.0,3341,95.0,65.0,65.0
23-04-2013,64.0,64.0,3426,77.5,72.5,72.5
24-04-2013,62.5,66.5,2481,75.0,70.5,70.5
25-04-2013,63.0,63.0,1197,80.0,80.0,80.0
26-04-2013,78.5,82.5,1635,92.5,90.0,90.0
29-04-2013,70.0,92.5,2066,92.5,74.5,74.5
30-04-2013,75.0,77.5,1026,89.5,82.5,82.5
01-05-2013,76.5,81.5,1464,91.0,85.0,85.0
02-05-2013,75.0,90.0,3561,92.5,75.0,75.0
03-05-2013,70.0,74.5,3668,80.0,75.0,75.0
06-05-2013,72.5,72.5,781,80.0,78.5,78.5
07-05-2013,67.5,85.5,1984,85.5,75.0,75.0
08-05-2013,66.0,76.0,3965,76.0,67.5,67.5
09-05-2013,62.5,70.0,2530,70.0,62.5,62.5
10-05-2013,58.0,63.0,3720,66.0,59.0,59.0
13-05-2013,45.0,60.0,5908,60.0,47.0,47.0
14-05-2013,46.5,46.75,4946,55.0,51.5,51.5
15-05-2013,45.0,51.0,5205,51.5,46.900001525878906,46.900001525878906
16-05-2013,39.04999923706055,46.5,4529,48.0,40.0,40.0
17-05-2013,32.5,40.0,2479,40.0,35.0,35.0
20-05-2013,32.5,35.0,2788,36.0,35.5,35.5
21-05-2013,33.0,35.0,2270,42.5,40.0,40.0
22-05-2013,35.5,35.5,2384,46.5,45.0,45.0
23-05-2013,42.0,46.5,1967,48.0,46.494998931884766,46.494998931884766
24-05-2013,40.0,46.494998931884766,602,46.494998931884766,42.5,42.5
28-05-2013,41.5,44.0,767,45.0,41.5,41.5
29-05-2013,41.5,46.5,2075,47.5,45.0,45.0
30-05-2013,42.5,44.025001525878906,2514,47.5,44.72999954223633,44.72999954223633
31-05-2013,40.0,45.0,1976,47.0,40.005001068115234,40.005001068115234
03-06-2013,35.0,40.25,3708,42.5,39.0,39.0
04-06-2013,32.505001068115234,39.5,3202,39.5,34.0,34.0
05-06-2013,26.899999618530273,34.0,5435,37.0,30.0,30.0
06-06-2013,27.5,27.524999618530273,2683,33.5,29.28499984741211,29.28499984741211
07-06-2013,28.0,29.125,1856,37.5,32.5,32.5
10-06-2013,28.0,32.5,4747,35.0,30.0,30.0
11-06-2013,27.5,31.0,1586,31.0,30.0,30.0
12-06-2013,29.5,31.0,2183,34.5,34.400001525878906,34.400001525878906
13-06-2013,27.5,34.0,4437,34.0,31.0,31.0
14-06-2013,24.5,30.0,4535,30.0,26.450000762939453,26.450000762939453
17-06-2013,26.450000762939453,26.450000762939453,5375,31.049999237060547,27.5,27.5
18-06-2013,28.0,28.5,1307,29.0,28.0,28.0
19-06-2013,26.010000228881836,29.0,1517,29.0,27.5,27.5
20-06-2013,22.854999542236328,25.25,3345,29.0,22.864999771118164,22.864999771118164
21-06-2013,23.0,25.844999313354492,2095,25.844999313354492,23.5,23.5
24-06-2013,21.0,23.75,2099,24.4950008392334,22.5,22.5
25-06-2013,21.0,22.110000610351562,844,25.0,24.0,24.0
26-06-2013,20.5,24.0,2821,25.0,23.0,23.0
27-06-2013,21.0,23.75,2099,24.4950008392334,22.5,22.5
28-06-2013,22.5,22.5,0,22.5,22.5,22.5
01-07-2013,22.5,22.5,0,22.5,22.5,22.5
02-07-2013,22.5,22.5,0,22.5,22.5,22.5
03-07-2013,22.5,22.5,0,22.5,22.5,22.5
05-07-2013,22.5,22.5,0,22.5,22.5,22.5
08-07-2013,22.5,22.5,0,22.5,22.5,22.5
09-07-2013,22.5,22.5,0,22.5,22.5,22.5
10-07-2013,22.5,22.5,0,22.5,22.5,22.5
11-07-2013,22.5,22.5,0,22.5,22.5,22.5
12-07-2013,22.5,22.5,0,22.5,22.5,22.5
15-07-2013,22.5,22.5,0,22.5,22.5,22.5
16-07-2013,22.5,22.5,0,22.5,22.5,22.5
17-07-2013,22.5,22.5,0,22.5,22.5,22.5
18-07-2013,22.5,22.5,0,22.5,22.5,22.5
19-07-2013,22.5,22.5,0,22.5,22.5,22.5
22-07-2013,22.5,22.5,0,22.5,22.5,22.5
23-07-2013,22.5,22.5,0,22.5,22.5,22.5
24-07-2013,22.5,22.5,0,22.5,22.5,22.5
25-07-2013,22.5,22.5,0,22.5,22.5,22.5
26-07-2013,22.5,22.5,0,22.5,22.5,22.5
29-07-2013,22.5,22.5,0,22.5,22.5,22.5
30-07-2013,13.5,13.5,1210,16.0,15.899999618530273,15.899999618530273
31-07-2013,13.5,13.5,297,16.0,16.0,16.0
01-08-2013,15.0,16.0,853,17.0,16.5,16.5
02-08-2013,15.0,17.0,724,17.350000381469727,15.0,15.0
05-08-2013,15.0,16.0,620,16.0,15.0,15.0
06-08-2013,15.0,16.0,648,16.0,16.0,16.0
07-08-2013,15.0,16.0,295,16.0,16.0,16.0
08-08-2013,15.5,16.0,817,16.0,16.0,16.0
09-08-2013,16.0,16.0,1986,19.0,19.0,19.0
12-08-2013,19.0,25.0,2479,25.0,22.0,22.0
13-08-2013,24.5,24.75,6725,35.0,35.0,35.0
14-08-2013,25.0,35.0,3304,38.0,29.700000762939453,29.700000762939453
15-08-2013,28.700000762939453,29.600000381469727,2050,34.95000076293945,33.5,33.5
16-08-2013,35.0,37.25,6060,47.5,45.005001068115234,45.005001068115234
19-08-2013,45.5,47.5,13981,64.0,46.0,46.0
20-08-2013,39.54999923706055,46.0,8091,54.5,42.5,42.5
21-08-2013,32.5,42.5,4865,42.5,37.0,37.0
22-08-2013,36.0,40.0,1668,42.0,39.400001525878906,39.400001525878906
23-08-2013,39.5,42.5,1015,42.5,40.0,40.0
26-08-2013,32.54999923706055,44.0,1401,44.0,39.5,39.5
27-08-2013,31.0,42.5,2718,42.5,33.5,33.5
28-08-2013,32.5,32.5,798,37.494998931884766,34.5,34.5
29-08-2013,35.0,35.0,1813,38.5,38.5,38.5
30-08-2013,39.0,41.0,2421,42.5,41.494998931884766,41.494998931884766
03-09-2013,41.0,43.25,1074,43.25,41.494998931884766,41.494998931884766
04-09-2013,35.0,41.0,2074,41.0,37.25,37.25
05-09-2013,34.5,36.150001525878906,1577,37.25,37.25,37.25
06-09-2013,35.0,37.25,872,37.25,37.0,37.0
09-09-2013,34.25,37.25,2090,37.25,34.25,34.25
10-09-2013,33.5,35.744998931884766,3120,36.0,36.0,36.0
11-09-2013,32.0,37.0,3029,37.5,34.0,34.0
12-09-2013,30.350000381469727,34.5,2786,34.5,31.5,31.5
13-09-2013,30.0,30.5,1593,34.0,31.5,31.5
16-09-2013,28.0049991607666,31.5,1756,31.5,29.0,29.0
17-09-2013,25.5,25.5,1933,35.0,31.75,31.75
18-09-2013,32.0,32.5,2755,34.5,32.5,32.5
19-09-2013,31.5,32.5,2076,35.0,31.5,31.5
20-09-2013,30.0,31.375,1891,34.0,32.5,32.5
23-09-2013,29.0,34.0,1409,34.0,30.0,30.0
24-09-2013,30.0,30.0,1828,34.0,30.5,30.5
25-09-2013,28.989999771118164,30.5,2111,31.0,29.0,29.0
26-09-2013,27.5,28.899999618530273,1104,31.5,30.5,30.5
27-09-2013,29.5,30.5,466,31.9950008392334,31.0,31.0
30-09-2013,27.5,29.0,1481,30.5,30.0,30.0
01-10-2013,27.5,27.5,1017,30.0,29.5,29.5
02-10-2013,29.0,31.0,149,31.0,30.0,30.0
03-10-2013,30.0,30.5,749,31.5,31.5,31.5
04-10-2013,29.2549991607666,31.0,925,32.0,31.0,31.0
07-10-2013,27.5,30.0,1415,31.5,29.0,29.0
08-10-2013,28.0,29.0,409,29.0,28.9950008392334,28.9950008392334
09-10-2013,27.5,28.9950008392334,478,28.9950008392334,28.4950008392334,28.4950008392334
10-10-2013,28.0,28.0,559,29.0,29.0,29.0
11-10-2013,30.0,31.0,1308,31.0,31.0,31.0
14-10-2013,28.5,30.0,459,32.25,30.5,30.5
15-10-2013,30.5,31.0,1082,32.25,32.25,32.25
16-10-2013,30.5049991607666,34.5,589,34.5,32.0,32.0
17-10-2013,31.0,33.5,238,33.5,32.5,32.5
18-10-2013,32.5,34.0,1193,34.0,33.20000076293945,33.20000076293945
21-10-2013,27.5,32.5,4114,33.0,30.0,30.0
22-10-2013,27.5,30.0,4351,31.5,29.0,29.0
23-10-2013,25.0,30.0,6058,30.0,29.7450008392334,29.7450008392334
24-10-2013,24.5,29.7450008392334,5414,29.9950008392334,28.5,28.5
25-10-2013,25.0,28.5,941,29.0,27.5,27.5
28-10-2013,25.885000228881836,26.25,418,28.5,27.75,27.75
29-10-2013,27.75,28.0,853,30.5,29.5,29.5
30-10-2013,28.0,29.5,2514,31.5,28.0,28.0
31-10-2013,27.0,28.25,3546,29.0,27.5,27.5
01-11-2013,25.5,27.0,3451,30.0,27.440000534057617,27.440000534057617
04-11-2013,23.084999084472656,29.0,4439,29.0,24.625,24.625
05-11-2013,22.959999084472656,24.875,3987,26.434999465942383,25.5,25.5
06-11-2013,22.0,25.5,5079,25.649999618530273,25.649999618530273,25.649999618530273
07-11-2013,17.5049991607666,17.5049991607666,389,25.5,25.0,25.0
08-11-2013,20.0,25.0,884,25.0,23.5,23.5
11-11-2013,20.0,23.5,1113,23.5,22.0,22.0
12-11-2013,18.0,18.5,2807,20.5,19.0,19.0
13-11-2013,19.0,19.0,2007,24.0,23.950000762939453,23.950000762939453
14-11-2013,23.5,24.975000381469727,3284,30.5,26.0,26.0
15-11-2013,24.0,27.5,1443,29.0,28.825000762939453,28.825000762939453
18-11-2013,27.5,29.0,1454,30.0,28.5,28.5
19-11-2013,27.5,28.5,1201,29.25,28.5,28.5
20-11-2013,26.5,27.5,1429,29.0,26.5,26.5
21-11-2013,23.75,25.0,4719,26.5,26.0,26.0
22-11-2013,22.5,24.0,3771,25.799999237060547,24.989999771118164,24.989999771118164
25-11-2013,20.5,24.5,4884,24.985000610351562,23.0,23.0
26-11-2013,20.0,23.0,4094,23.0,20.0,20.0
27-11-2013,19.0,22.4950008392334,6635,22.4950008392334,20.25,20.25
29-11-2013,19.0,19.0049991607666,201,20.9950008392334,20.9950008392334,20.9950008392334
02-12-2013,19.0049991607666,20.045000076293945,1348,21.299999237060547,20.0,20.0
03-12-2013,19.5,19.5,1923,22.5,21.5,21.5
04-12-2013,21.5,21.5,800,23.25,22.950000762939453,22.950000762939453
05-12-2013,20.0,22.950000762939453,707,23.0,22.75,22.75
06-12-2013,20.0,22.75,750,22.75,20.510000228881836,20.510000228881836
09-12-2013,20.0,20.510000228881836,353,22.75,20.05500030517578,20.05500030517578
10-12-2013,20.05500030517578,20.05500030517578,286,22.5,22.25,22.25
11-12-2013,20.0,21.5,2135,22.0,21.5,21.5
12-12-2013,20.0049991607666,21.5,818,22.0,20.5,20.5
13-12-2013,20.100000381469727,21.899999618530273,376,21.899999618530273,21.850000381469727,21.850000381469727
16-12-2013,20.0,22.5,1178,22.5,20.0,20.0
17-12-2013,20.0,20.0,803,21.899999618530273,20.0,20.0
18-12-2013,20.0,20.0,497,21.649999618530273,21.600000381469727,21.600000381469727
19-12-2013,20.0,20.774999618530273,124,21.5,21.25,21.25
20-12-2013,19.5,20.5,1767,21.0,19.5,19.5
23-12-2013,17.55500030517578,18.524999618530273,2554,20.5,19.0,19.0
24-12-2013,15.005000114440918,18.5049991607666,2990,20.0,19.5,19.5
26-12-2013,15.5,16.0049991607666,5988,17.75,16.5,16.5
27-12-2013,15.0,16.549999237060547,4126,17.149999618530273,16.950000762939453,16.950000762939453
30-12-2013,14.0,16.475000381469727,8147,16.950000762939453,14.0,14.0
31-12-2013,14.125,14.125,9591,16.950000762939453,15.75,15.75
02-01-2014,15.75,16.950000762939453,11954,19.75,19.600000381469727,19.600000381469727
03-01-2014,19.5,19.5,10191,25.5,21.950000762939453,21.950000762939453
06-01-2014,20.0,22.0,5061,25.5,22.100000381469727,22.100000381469727
07-01-2014,21.0,22.125,5148,23.0,22.5,22.5
08-01-2014,23.100000381469727,23.100000381469727,14252,29.5,29.5,29.5
09-01-2014,25.5,31.625,39427,50.0,43.5,43.5
10-01-2014,32.5,50.0,11477,50.0,35.04999923706055,35.04999923706055
13-01-2014,34.54999923706055,37.494998931884766,8712,43.5,38.0,38.0
14-01-2014,31.0,37.75,12530,41.0,32.5,32.5
15-01-2014,28.5,32.5,11083,34.0,33.25,33.25
16-01-2014,28.0,33.25,8521,33.25,28.5,28.5
17-01-2014,27.25,30.0,12437,32.470001220703125,30.0,30.0
21-01-2014,27.25,31.75,10110,31.75,27.299999237060547,27.299999237060547
22-01-2014,26.649999618530273,28.700000762939453,8880,29.5,28.0,28.0
23-01-2014,27.5,28.5,14706,31.5,31.450000762939453,31.450000762939453
24-01-2014,30.0,32.244998931884766,7764,32.5,31.100000381469727,31.100000381469727
27-01-2014,31.0,31.985000610351562,9123,37.5,34.04999923706055,34.04999923706055
28-01-2014,35.25,35.25,13025,42.5,41.75,41.75
29-01-2014,36.5,42.5,7918,43.0,39.0,39.0
30-01-2014,38.005001068115234,38.5,5988,43.0,42.494998931884766,42.494998931884766
31-01-2014,42.5,43.5,5539,44.5,43.0,43.0
03-02-2014,42.5,44.5,16109,47.4900016784668,45.0,45.0
04-02-2014,40.5,46.5,12957,47.5,43.0,43.0
05-02-2014,32.650001525878906,44.0,15496,44.0,35.75,35.75
06-02-2014,34.900001525878906,35.0,13745,42.0,37.5,37.5
07-02-2014,35.0,42.0,12625,42.0,36.5,36.5
10-02-2014,33.25,37.75,10975,38.0,34.75,34.75
11-02-2014,30.25,36.0,14429,36.0,31.0,31.0
12-02-2014,28.5,28.5,7837,31.0,29.75,29.75
13-02-2014,29.5,30.0,7295,33.0,32.5,32.5
14-02-2014,31.5,34.0,5899,34.79999923706055,34.0,34.0
18-02-2014,30.5,34.0,12903,34.0,31.75,31.75
19-02-2014,29.5,31.875,9487,32.0,29.799999237060547,29.799999237060547
20-02-2014,29.700000762939453,32.0,3647,32.0,31.0,31.0
21-02-2014,28.0,31.0,10438,31.0,30.0,30.0
24-02-2014,26.75,29.0,12480,30.0,28.75,28.75
25-02-2014,27.5,28.75,2796,29.75,28.75,28.75
26-02-2014,29.0,29.0,7116,34.20000076293945,33.494998931884766,33.494998931884766
27-02-2014,30.5,34.0,8713,34.5,32.75,32.75
28-02-2014,30.75,31.5,3700,34.5,31.5,31.5
03-03-2014,27.75,31.375,4792,31.5,29.25,29.25
04-03-2014,30.0,30.0,3778,33.0,31.75,31.75
05-03-2014,30.5,31.625,1342,32.0,32.0,32.0
06-03-2014,32.5,32.5,50443,45.0,40.25,40.25
07-03-2014,35.0,40.875,13703,42.494998931884766,38.0,38.0
10-03-2014,33.0,38.0,8186,39.5,34.75,34.75
11-03-2014,32.5,35.0,10182,36.5,34.0,34.0
12-03-2014,33.0,34.75,12498,37.5,36.0,36.0
13-03-2014,33.75,37.0,5839,37.0,34.5,34.5
14-03-2014,29.989999771118164,34.5,13036,35.0,32.5,32.5
17-03-2014,32.5,34.0,21625,35.0,34.5,34.5
18-03-2014,33.97999954223633,35.0,16359,37.0,34.5,34.5
19-03-2014,34.5,34.5,23256,40.0,39.5,39.5
20-03-2014,36.0,38.5,12463,39.994998931884766,38.5,38.5
21-03-2014,35.5,39.0,9826,40.0,36.0,36.0
24-03-2014,33.244998931884766,37.5,8385,37.5,33.75,33.75
25-03-2014,31.75,34.0,4893,36.25,34.0,34.0
26-03-2014,34.25,35.0,4308,36.0,36.0,36.0
27-03-2014,34.54999923706055,36.25,6002,38.0,35.25,35.25
28-03-2014,34.005001068115234,35.0,3230,36.0,35.25,35.25
31-03-2014,33.54999923706055,35.0,4161,35.0,34.099998474121094,34.099998474121094
01-04-2014,34.25,35.0,1970,35.5,34.75,34.75
02-04-2014,32.0,34.0,2703,34.5,34.5,34.5
03-04-2014,33.5,34.5,2574,35.0,34.0,34.0
04-04-2014,32.0,34.0,4041,35.25,32.400001525878906,32.400001525878906
07-04-2014,30.25,32.400001525878906,4599,35.0,32.5,32.5
08-04-2014,28.5,32.0,6750,32.0,30.5,30.5
09-04-2014,27.75,30.225000381469727,11582,30.5,27.75,27.75
10-04-2014,25.5,28.75,15893,29.5,27.399999618530273,27.399999618530273
11-04-2014,22.5,25.5,20765,26.5,22.799999237060547,22.799999237060547
14-04-2014,20.0,22.125,5292,22.5,21.649999618530273,21.649999618530273
15-04-2014,20.25,22.5,10411,23.0,21.0,21.0
16-04-2014,20.0,21.25,5008,21.5,20.2549991607666,20.2549991607666
17-04-2014,20.0,20.0,5761,25.0,24.75,24.75
21-04-2014,24.0,25.25,2253,26.5,25.5,25.5
22-04-2014,23.5,25.5,2070,28.5,26.0,26.0
23-04-2014,24.5,27.5,1049,27.5,25.0,25.0
24-04-2014,24.0,25.0,4416,26.5,25.0,25.0
25-04-2014,24.25,25.25,1365,27.0,27.0,27.0
28-04-2014,23.0,28.0,3229,28.0,23.0,23.0
29-04-2014,18.530000686645508,25.299999237060547,13518,25.299999237060547,20.25,20.25
30-04-2014,18.815000534057617,20.0,10671,23.0,21.5,21.5
01-05-2014,18.895000457763672,22.5,10983,23.0,19.875,19.875
02-05-2014,18.104999542236328,19.5,6810,22.0,19.75,19.75
05-05-2014,18.0,19.014999389648438,8491,19.9950008392334,18.979999542236328,18.979999542236328
06-05-2014,17.290000915527344,17.5,6878,19.4950008392334,18.0,18.0
07-05-2014,16.875,17.5049991607666,4847,18.899999618530273,18.149999618530273,18.149999618530273
08-05-2014,14.75,16.875,18947,18.200000762939453,16.5,16.5
09-05-2014,14.5,15.505000114440918,6218,17.0,16.0,16.0
12-05-2014,14.0,14.529999732971191,8250,17.5,16.0,16.0
13-05-2014,14.75,15.994999885559082,4601,17.489999771118164,16.399999618530273,16.399999618530273
14-05-2014,15.5,16.399999618530273,3290,17.5,17.5,17.5
15-05-2014,16.0,17.0,3733,18.5,16.899999618530273,16.899999618530273
16-05-2014,15.5,16.899999618530273,2006,16.899999618530273,16.0,16.0
19-05-2014,14.5,14.515000343322754,3524,16.0,15.0,15.0
20-05-2014,14.0,14.505000114440918,2552,15.5,14.899999618530273,14.899999618530273
21-05-2014,14.0,14.0,2745,15.0,15.0,15.0
22-05-2014,14.5,15.0,2329,15.600000381469727,15.5,15.5
23-05-2014,15.0,15.5,2829,16.0,15.5,15.5
27-05-2014,14.5,15.5,4946,16.0,15.005000114440918,15.005000114440918
28-05-2014,14.5,15.0,4437,16.0,15.494999885559082,15.494999885559082
29-05-2014,15.494999885559082,16.5,4622,17.75,16.549999237060547,16.549999237060547
30-05-2014,15.5,17.0,11110,17.969999313354492,16.399999618530273,16.399999618530273
02-06-2014,15.0,15.5,9780,16.5,15.265000343322754,15.265000343322754
03-06-2014,14.40999984741211,15.0,5275,15.5,15.0,15.0
04-06-2014,14.0,14.5,3582,16.469999313354492,14.949999809265137,14.949999809265137
05-06-2014,10.005000114440918,14.989999771118164,6583,16.489999771118164,14.494999885559082,14.494999885559082
06-06-2014,12.255000114440918,14.989999771118164,17223,14.989999771118164,13.5,13.5
09-06-2014,11.0,12.5,10094,14.0,11.994999885559082,11.994999885559082
10-06-2014,11.0,11.260000228881836,4152,13.0,12.989999771118164,12.989999771118164
11-06-2014,11.5,12.989999771118164,2991,12.989999771118164,11.5,11.5
12-06-2014,11.0,11.5,2574,12.949999809265137,11.515000343322754,11.515000343322754
13-06-2014,11.5,12.395000457763672,2058,12.395000457763672,12.350000381469727,12.350000381469727
16-06-2014,10.5,11.949999809265137,5906,12.350000381469727,11.994999885559082,11.994999885559082
17-06-2014,10.505000114440918,10.505000114440918,11101,12.5,11.449999809265137,11.449999809265137
18-06-2014,11.0,12.625,4419,12.625,11.494999885559082,11.494999885559082
19-06-2014,10.994999885559082,11.0649995803833,5975,12.4399995803833,11.869999885559082,11.869999885559082
20-06-2014,11.074999809265137,11.074999809265137,4392,13.0,11.204999923706055,11.204999923706055
23-06-2014,11.475000381469727,11.489999771118164,1260,11.734999656677246,11.734999656677246,11.734999656677246
24-06-2014,11.0,11.475000381469727,5480,12.430000305175781,11.494999885559082,11.494999885559082
25-06-2014,10.75,11.75,5305,11.75,11.5,11.5
26-06-2014,10.78499984741211,10.78499984741211,5848,13.0,13.0,13.0
27-06-2014,12.5,12.5,4643,14.699999809265137,14.5,14.5
30-06-2014,13.5,13.5,9197,17.5,16.950000762939453,16.950000762939453
01-07-2014,17.0,17.274999618530273,31493,23.75,23.0,23.0
02-07-2014,23.75,24.5,33682,29.649999618530273,27.25,27.25
03-07-2014,21.049999237060547,28.450000762939453,33109,28.950000762939453,21.05500030517578,21.05500030517578
07-07-2014,16.40999984741211,22.0,46153,23.5,20.75,20.75
08-07-2014,17.149999618530273,20.899999618530273,14666,20.899999618530273,18.899999618530273,18.899999618530273
09-07-2014,18.0,18.899999618530273,9392,20.899999618530273,19.9950008392334,19.9950008392334
10-07-2014,18.25,18.25,6929,20.5,19.0,19.0
11-07-2014,18.450000762939453,19.4950008392334,3916,19.950000762939453,18.9950008392334,18.9950008392334
14-07-2014,17.75,18.5,3023,20.0,19.25,19.25
15-07-2014,17.5,19.0,4091,19.5,18.4950008392334,18.4950008392334
16-07-2014,16.75,18.5,11242,19.5,17.75,17.75
17-07-2014,15.5,18.450000762939453,9015,18.450000762939453,16.0,16.0
18-07-2014,15.414999961853027,16.5,8471,17.5,15.994999885559082,15.994999885559082
21-07-2014,13.5,15.050000190734863,9257,15.994999885559082,15.0,15.0
22-07-2014,13.109999656677246,15.25,16819,16.5,13.975000381469727,13.975000381469727
23-07-2014,12.75,13.975000381469727,14723,14.5,13.5,13.5
24-07-2014,12.600000381469727,14.5,8536,14.5,13.989999771118164,13.989999771118164
25-07-2014,13.399999618530273,14.0,4091,14.5,14.5,14.5
28-07-2014,12.600000381469727,14.5,7812,14.5,13.375,13.375
29-07-2014,12.664999961853027,13.375,7193,14.0,13.494999885559082,13.494999885559082
30-07-2014,13.0,13.489999771118164,7554,15.0,13.649999618530273,13.649999618530273
31-07-2014,12.5,13.989999771118164,10054,13.989999771118164,13.475000381469727,13.475000381469727
01-08-2014,12.395000457763672,13.444999694824219,10966,13.444999694824219,13.050000190734863,13.050000190734863
04-08-2014,12.130000114440918,12.994999885559082,2204,13.0649995803833,12.75,12.75
05-08-2014,12.175000190734863,12.75,5893,13.25,12.994999885559082,12.994999885559082
06-08-2014,12.175000190734863,13.25,6768,13.5,12.75,12.75
07-08-2014,11.800000190734863,12.949999809265137,10733,12.989999771118164,11.805000305175781,11.805000305175781
08-08-2014,11.145000457763672,12.0,8114,12.0,11.954999923706055,11.954999923706055
11-08-2014,10.25,11.954999923706055,9143,12.479999542236328,10.994999885559082,10.994999885559082
12-08-2014,10.725000381469727,11.0,10552,12.0,11.550000190734863,11.550000190734863
13-08-2014,10.555000305175781,11.199999809265137,6090,11.994999885559082,11.994999885559082,11.994999885559082
14-08-2014,10.864999771118164,11.994999885559082,9061,11.994999885559082,11.25,11.25
15-08-2014,10.25,11.345000267028809,2895,11.345000267028809,10.75,10.75
18-08-2014,10.005000114440918,10.649999618530273,4689,11.0,10.899999618530273,10.899999618530273
19-08-2014,9.5,10.899999618530273,9211,10.899999618530273,10.470000267028809,10.470000267028809
20-08-2014,9.524999618530273,10.470000267028809,2446,10.494999885559082,10.449999809265137,10.449999809265137
21-08-2014,9.704999923706055,10.444999694824219,1859,10.5,10.5,10.5
22-08-2014,10.0,10.5,5837,11.5,10.255000114440918,10.255000114440918
25-08-2014,9.75,10.03499984741211,4226,10.75,10.5,10.5
26-08-2014,10.005000114440918,11.0,3159,11.0,10.75,10.75
27-08-2014,9.75,11.0,5817,11.0,10.010000228881836,10.010000228881836
28-08-2014,9.3149995803833,10.010000228881836,11997,10.010000228881836,9.984999656677246,9.984999656677246
29-08-2014,8.015000343322754,10.0,7023,10.0,9.350000381469727,9.350000381469727
02-09-2014,8.055000305175781,8.875,5155,9.449999809265137,9.0,9.0
03-09-2014,7.90500020980835,9.0,10623,9.0,8.0,8.0
04-09-2014,7.880000114440918,8.0,19371,9.0,8.024999618530273,8.024999618530273
05-09-2014,7.565000057220459,8.194999694824219,5512,8.5,8.0,8.0
08-09-2014,7.605000019073486,8.425000190734863,5151,8.899999618530273,8.0,8.0
09-09-2014,7.5,8.25,6218,8.5,8.5,8.5
10-09-2014,8.0,8.0,1109,8.5,8.005000114440918,8.005000114440918
11-09-2014,8.005000114440918,8.5,5052,8.675000190734863,8.239999771118164,8.239999771118164
12-09-2014,8.199999809265137,8.239999771118164,3097,8.975000381469727,8.970000267028809,8.970000267028809
15-09-2014,7.755000114440918,8.5,5283,9.0,7.755000114440918,7.755000114440918
16-09-2014,7.554999828338623,7.760000228881836,4301,8.489999771118164,8.0,8.0
17-09-2014,6.0,6.0,8142,8.25,7.550000190734863,7.550000190734863
18-09-2014,6.900000095367432,8.369999885559082,7447,8.369999885559082,7.485000133514404,7.485000133514404
19-09-2014,6.514999866485596,6.949999809265137,2145,7.485000133514404,6.875,6.875
22-09-2014,5.014999866485596,6.809999942779541,7676,7.360000133514404,6.494999885559082,6.494999885559082
23-09-2014,5.554999828338623,6.0,15002,7.0,6.244999885559082,6.244999885559082
24-09-2014,5.125,6.235000133514404,19255,6.235000133514404,5.5,5.5
25-09-2014,4.5,5.5,10624,6.0,6.0,6.0
26-09-2014,4.5,4.5,3007,6.0,5.5,5.5
29-09-2014,5.125,5.945000171661377,7509,6.0,5.125,5.125
30-09-2014,5.474999904632568,9.5,4999,9.5,6.75,6.75
01-10-2014,6.505000114440918,9.399999618530273,3574,9.399999618530273,7.494999885559082,7.494999885559082
02-10-2014,7.5,7.695000171661377,9579,10.0,9.800000190734863,9.800000190734863
03-10-2014,9.75,9.859999656677246,21667,13.989999771118164,11.5,11.5
06-10-2014,9.005000114440918,11.0,8453,13.75,10.005000114440918,10.005000114440918
07-10-2014,10.005000114440918,10.005000114440918,5624,12.0,11.25,11.25
08-10-2014,10.0,11.5,3225,11.5,10.5,10.5
09-10-2014,8.40999984741211,10.5,6894,10.5,8.40999984741211,8.40999984741211
10-10-2014,6.574999809265137,9.5,17281,9.5,7.505000114440918,7.505000114440918
13-10-2014,5.5,5.5,17691,9.0,8.25,8.25
14-10-2014,7.0,8.739999771118164,10518,8.75,7.75,7.75
15-10-2014,7.25,8.0,3511,8.5,8.5,8.5
16-10-2014,7.099999904632568,8.5,6003,8.5,8.25,8.25
17-10-2014,7.25,7.25,2558,8.25,8.25,8.25
20-10-2014,6.505000114440918,8.25,8659,8.25,7.5,7.5
21-10-2014,6.355000019073486,7.5,18882,7.695000171661377,7.449999809265137,7.449999809265137
22-10-2014,6.914999961853027,7.449999809265137,5757,7.550000190734863,7.360000133514404,7.360000133514404
23-10-2014,6.75,7.485000133514404,17291,9.944999694824219,9.5,9.5
24-10-2014,9.0,9.994999885559082,27369,12.5,12.470000267028809,12.470000267028809
27-10-2014,10.649999618530273,12.375,8623,12.5,11.494999885559082,11.494999885559082
28-10-2014,10.5,10.5,5984,12.100000381469727,11.494999885559082,11.494999885559082
29-10-2014,10.600000381469727,11.5,13591,12.25,10.930000305175781,10.930000305175781
30-10-2014,10.0,11.25,9703,11.414999961853027,10.75,10.75
31-10-2014,8.050000190734863,12.0,40629,12.0,8.350000381469727,8.350000381469727
03-11-2014,8.350000381469727,8.350000381469727,17667,9.649999618530273,8.649999618530273,8.649999618530273
04-11-2014,8.949999809265137,9.0,18594,10.5,9.949999809265137,9.949999809265137
05-11-2014,8.550000190734863,10.0,10486,10.0,8.899999618530273,8.899999618530273
06-11-2014,8.0,8.899999618530273,7023,8.899999618530273,8.649999618530273,8.649999618530273
07-11-2014,7.875,8.649999618530273,12063,8.649999618530273,8.0,8.0
10-11-2014,7.5,8.0,8587,8.5,8.0,8.0
11-11-2014,7.550000190734863,8.0,5781,8.5,8.0,8.0
12-11-2014,7.0,8.0,16193,8.0,7.599999904632568,7.599999904632568
13-11-2014,6.934999942779541,7.599999904632568,13210,7.75,7.5,7.5
14-11-2014,6.505000114440918,7.494999885559082,7531,7.494999885559082,7.199999809265137,7.199999809265137
17-11-2014,6.559999942779541,7.199999809265137,1775,7.5,7.0,7.0
18-11-2014,6.574999809265137,7.349999904632568,3513,7.349999904632568,7.25,7.25
19-11-2014,6.75,7.75,4045,7.75,6.75,6.75
20-11-2014,6.349999904632568,7.0,10324,7.0,7.0,7.0
21-11-2014,6.5,7.25,6976,7.5,7.195000171661377,7.195000171661377
24-11-2014,6.614999771118164,7.190000057220459,5694,7.5,6.764999866485596,6.764999866485596
25-11-2014,6.5,6.764999866485596,10752,7.5,7.489999771118164,7.489999771118164
26-11-2014,6.550000190734863,7.699999809265137,8586,7.699999809265137,7.449999809265137,7.449999809265137
28-11-2014,6.715000152587891,7.010000228881836,2669,7.485000133514404,7.324999809265137,7.324999809265137
01-12-2014,6.546500205993652,6.710000038146973,8150,7.445000171661377,7.300000190734863,7.300000190734863
02-12-2014,6.360000133514404,7.300000190734863,10839,7.300000190734863,6.75,6.75
03-12-2014,6.229499816894531,7.0,7022,7.0,6.40500020980835,6.40500020980835
04-12-2014,5.934500217437744,6.40500020980835,8802,6.735000133514404,6.494999885559082,6.494999885559082
05-12-2014,6.070000171661377,6.070000171661377,3760,7.0,6.75,6.75
08-12-2014,5.760000228881836,6.260000228881836,7356,6.873000144958496,6.420000076293945,6.420000076293945
09-12-2014,5.435999870300293,5.505000114440918,18760,7.5,6.010000228881836,6.010000228881836
10-12-2014,5.427000045776367,6.014999866485596,11753,6.445000171661377,5.75,5.75
11-12-2014,5.5,5.735000133514404,1944,5.75,5.75,5.75
12-12-2014,5.230000019073486,5.550000190734863,7619,6.099999904632568,5.945000171661377,5.945000171661377
15-12-2014,5.099999904632568,5.945000171661377,13038,6.099999904632568,5.994999885559082,5.994999885559082
16-12-2014,5.0,5.989999771118164,12717,5.989999771118164,5.494999885559082,5.494999885559082
17-12-2014,4.78000020980835,5.0,24616,5.494999885559082,5.195000171661377,5.195000171661377
18-12-2014,4.849999904632568,5.244999885559082,12269,5.5,4.925000190734863,4.925000190734863
19-12-2014,4.849999904632568,4.849999904632568,2719,5.5,5.25,5.25
22-12-2014,4.5,4.849999904632568,7740,5.5,5.25,5.25
23-12-2014,4.514999866485596,5.010000228881836,7511,5.25,5.25,5.25
24-12-2014,4.448999881744385,5.25,17779,5.25,5.25,5.25
26-12-2014,4.75,5.0,5414,5.25,5.25,5.25
29-12-2014,4.614999771118164,5.244999885559082,5647,5.244999885559082,5.244999885559082,5.244999885559082
30-12-2014,4.204999923706055,4.210000038146973,13822,5.25,5.0,5.0
31-12-2014,4.210000038146973,4.210000038146973,13644,5.0,5.0,5.0
02-01-2015,4.610000133514404,4.610000133514404,13292,5.800000190734863,5.5,5.5
05-01-2015,5.050000190734863,5.800000190734863,7665,5.989999771118164,5.264999866485596,5.264999866485596
06-01-2015,4.849999904632568,5.054999828338623,8393,5.5,4.849999904632568,4.849999904632568
07-01-2015,4.804999828338623,5.239999771118164,7736,5.349999904632568,5.0,5.0
08-01-2015,4.710000038146973,5.057499885559082,3805,5.400000095367432,4.925000190734863,4.925000190734863
09-01-2015,4.434500217437744,4.925000190734863,16972,4.925000190734863,4.925000190734863,4.925000190734863
12-01-2015,4.5,4.925000190734863,10051,4.925000190734863,4.574999809265137,4.574999809265137
13-01-2015,4.2895002365112305,4.5,8229,4.71999979019165,4.46999979019165,4.46999979019165
14-01-2015,3.509999990463257,4.5,24247,4.5,3.9700000286102295,3.9700000286102295
15-01-2015,3.250499963760376,3.946000099182129,19569,4.050000190734863,3.7950000762939453,3.7950000762939453
16-01-2015,3.450000047683716,3.799999952316284,3412,3.799999952316284,3.450000047683716,3.450000047683716
20-01-2015,3.450000047683716,3.75,3657,3.75,3.7249999046325684,3.7249999046325684
21-01-2015,3.450000047683716,3.799999952316284,3402,3.799999952316284,3.450000047683716,3.450000047683716
22-01-2015,3.3499999046325684,3.5999999046325684,1302,3.5999999046325684,3.3635001182556152,3.3635001182556152
23-01-2015,3.365000009536743,3.365000009536743,8966,4.0,3.6500000953674316,3.6500000953674316
26-01-2015,3.4049999713897705,3.4049999713897705,6449,4.5,3.549999952316284,3.549999952316284
27-01-2015,3.5,3.75,4843,3.75,3.5,3.5
28-01-2015,3.450000047683716,3.7119998931884766,5625,3.7300000190734863,3.6500000953674316,3.6500000953674316
29-01-2015,3.4549999237060547,3.4549999237060547,5868,3.8450000286102295,3.744999885559082,3.744999885559082
30-01-2015,3.319999933242798,3.4549999237060547,6667,3.9000000953674316,3.3499999046325684,3.3499999046325684
02-02-2015,3.25,3.302500009536743,10077,3.7149999141693115,3.7149999141693115,3.7149999141693115
03-02-2015,3.255000114440918,3.6700000762939453,2374,3.6700000762939453,3.3499999046325684,3.3499999046325684
04-02-2015,3.2249999046325684,3.5,6638,3.5,3.3445000648498535,3.3445000648498535
05-02-2015,3.0,3.4825000762939453,13199,3.490000009536743,3.009999990463257,3.009999990463257
06-02-2015,2.6549999713897705,3.440000057220459,13401,3.440000057220459,2.994999885559082,2.994999885559082
09-02-2015,2.505000114440918,2.505000114440918,16648,3.2049999237060547,2.616499900817871,2.616499900817871
10-02-2015,2.125,2.950000047683716,28004,2.950000047683716,2.3499999046325684,2.3499999046325684
11-02-2015,2.316999912261963,2.5,17631,2.6500000953674316,2.569999933242798,2.569999933242798
12-02-2015,2.2109999656677246,2.6500000953674316,9847,2.6500000953674316,2.490000009536743,2.490000009536743
13-02-2015,2.0,2.5,19303,2.5,2.3949999809265137,2.3949999809265137
17-02-2015,2.0999999046325684,2.0999999046325684,21505,3.440000057220459,3.440000057220459,3.440000057220459
18-02-2015,3.440000057220459,3.5,30858,5.0,4.840000152587891,4.840000152587891
19-02-2015,3.505000114440918,4.84499979019165,38377,5.0,3.575000047683716,3.575000047683716
20-02-2015,3.069999933242798,3.6675000190734863,11384,4.025000095367432,3.0899999141693115,3.0899999141693115
23-02-2015,3.25,3.75,15730,3.75,3.6449999809265137,3.6449999809265137
24-02-2015,3.3499999046325684,3.75,11692,3.75,3.375,3.375
25-02-2015,3.200000047683716,3.5,6762,4.0,3.255000114440918,3.255000114440918
26-02-2015,3.072499990463257,3.9700000286102295,16004,3.9700000286102295,3.1500000953674316,3.1500000953674316
27-02-2015,3.0789999961853027,3.740000009536743,6818,3.740000009536743,3.2750000953674316,3.2750000953674316
02-03-2015,2.924999952316284,3.055000066757202,14560,4.0,3.1500000953674316,3.1500000953674316
03-03-2015,2.950000047683716,3.7200000286102295,11626,3.7200000286102295,2.984999895095825,2.984999895095825
04-03-2015,2.005000114440918,2.75,14797,3.244999885559082,2.869999885559082,2.869999885559082
05-03-2015,2.625,3.3450000286102295,5974,3.3450000286102295,2.8545000553131104,2.8545000553131104
06-03-2015,2.6600000858306885,3.0,1865,3.0,2.7200000286102295,2.7200000286102295
09-03-2015,2.6700000762939453,3.0,2117,3.0950000286102295,2.684999942779541,2.684999942779541
10-03-2015,2.680000066757202,2.680000066757202,5060,2.869999885559082,2.7804999351501465,2.7804999351501465
11-03-2015,2.6050000190734863,2.6050000190734863,6700,3.200000047683716,3.0,3.0
12-03-2015,3.049999952316284,3.619999885559082,10077,3.619999885559082,3.619999885559082,3.619999885559082
13-03-2015,3.619999885559082,4.474999904632568,15230,4.474999904632568,3.950000047683716,3.950000047683716
16-03-2015,3.5,3.9075000286102295,9883,4.75,3.680000066757202,3.680000066757202
17-03-2015,3.799999952316284,4.0,4940,4.150000095367432,4.0,4.0
18-03-2015,3.799999952316284,4.199999809265137,10872,5.0,4.010000228881836,4.010000228881836
19-03-2015,4.014999866485596,5.0,9017,5.0,4.300000190734863,4.300000190734863
20-03-2015,3.8499999046325684,4.204999923706055,8381,4.994999885559082,3.8499999046325684,3.8499999046325684
23-03-2015,3.3499999046325684,3.3499999046325684,10064,4.84499979019165,3.944999933242798,3.944999933242798
24-03-2015,3.424999952316284,5.0,25231,5.0,3.690000057220459,3.690000057220459
25-03-2015,3.255000114440918,3.75,6725,3.75,3.3499999046325684,3.3499999046325684
26-03-2015,3.005000114440918,3.299999952316284,3739,3.490000009536743,3.4649999141693115,3.4649999141693115
27-03-2015,3.2049999237060547,3.2049999237060547,2182,3.75,3.5199999809265137,3.5199999809265137
30-03-2015,3.2300000190734863,3.2049999237060547,2896,3.7300000190734863,3.490000009536743,3.490000009536743
31-03-2015,3.0,3.3965001106262207,1974,3.440000057220459,3.0,3.0
01-04-2015,2.700000047683716,3.0,3485,3.244999885559082,3.134999990463257,3.134999990463257
02-04-2015,2.799999952316284,3.134999990463257,4009,3.740000009536743,3.4804999828338623,3.4804999828338623
06-04-2015,2.9000000953674316,2.9000000953674316,4968,3.5399999618530273,3.3299999237060547,3.3299999237060547
07-04-2015,2.5,2.5,5431,3.700000047683716,3.005000114440918,3.005000114440918
08-04-2015,3.0,3.0,6636,3.494999885559082,3.315000057220459,3.315000057220459
09-04-2015,3.25,3.494999885559082,5595,3.5,3.4000000953674316,3.4000000953674316
10-04-2015,3.25,3.424999952316284,4065,3.424999952316284,3.25,3.25
13-04-2015,3.25,3.25,2769,3.299999952316284,3.25,3.25
14-04-2015,3.2139999866485596,3.25,9023,3.4000000953674316,3.375,3.375
15-04-2015,2.9865000247955322,3.4000000953674316,6252,3.4000000953674316,3.25,3.25
16-04-2015,3.0,3.4000000953674316,6416,3.494999885559082,3.4649999141693115,3.4649999141693115
17-04-2015,2.75,3.0,10924,3.444999933242798,3.0,3.0
20-04-2015,2.825000047683716,3.25,11180,3.4200000762939453,3.2795000076293945,3.2795000076293945
21-04-2015,2.9000000953674316,3.0,7847,3.3949999809265137,3.375,3.375
22-04-2015,2.9700000286102295,3.5,6033,3.5,3.234999895095825,3.234999895095825
23-04-2015,2.875,2.9835000038146973,4074,3.2300000190734863,3.119999885559082,3.119999885559082
24-04-2015,2.5299999713897705,2.5299999713897705,9823,3.184999942779541,2.8499999046325684,2.8499999046325684
27-04-2015,2.549999952316284,3.125,12418,3.125,2.799999952316284,2.799999952316284
28-04-2015,2.75,2.75,366,2.875,2.799999952316284,2.799999952316284
29-04-2015,2.7899999618530273,3.3499999046325684,922,3.3499999046325684,2.7899999618530273,2.7899999618530273
30-04-2015,2.75,2.869999885559082,1776,2.869999885559082,2.8550000190734863,2.8550000190734863
01-05-2015,2.75,2.75,1661,3.25,3.184999942779541,3.184999942779541
04-05-2015,2.755000114440918,2.755000114440918,4983,4.0,3.0,3.0
05-05-2015,2.755000114440918,3.0999999046325684,992,3.3949999809265137,3.375,3.375
06-05-2015,2.875,2.875,1893,3.3450000286102295,3.0350000858306885,3.0350000858306885
07-05-2015,2.755000114440918,3.325000047683716,794,3.325000047683716,2.759999990463257,2.759999990463257
08-05-2015,2.755000114440918,2.755000114440918,1205,3.0,2.825000047683716,2.825000047683716
11-05-2015,2.75,2.755000114440918,4318,2.994999885559082,2.994999885559082,2.994999885559082
12-05-2015,2.75,2.994999885559082,4052,3.0,2.884999990463257,2.884999990463257
13-05-2015,2.755000114440918,2.994999885559082,1317,3.0,2.759999990463257,2.759999990463257
14-05-2015,2.575000047683716,2.8499999046325684,8764,2.990000009536743,2.821000099182129,2.821000099182129
15-05-2015,2.5,3.0,8370,3.0,2.8499999046325684,2.8499999046325684
18-05-2015,2.575000047683716,2.8499999046325684,5301,2.8499999046325684,2.8299999237060547,2.8299999237060547
19-05-2015,2.5999999046325684,2.734999895095825,4106,2.9000000953674316,2.9000000953674316,2.9000000953674316
20-05-2015,2.6500000953674316,2.6600000858306885,3362,2.75,2.6500000953674316,2.6500000953674316
21-05-2015,2.305000066757202,3.0,22891,3.0,2.6075000762939453,2.6075000762939453
22-05-2015,2.325000047683716,2.359999895095825,7094,2.994999885559082,2.5299999713897705,2.5299999713897705
26-05-2015,2.2249999046325684,2.305000066757202,11825,2.75,2.6500000953674316,2.6500000953674316
27-05-2015,2.140000104904175,2.5,11148,2.549999952316284,2.4565000534057617,2.4565000534057617
28-05-2015,2.015000104904175,2.1500000953674316,18607,2.4800000190734863,2.0999999046325684,2.0999999046325684
29-05-2015,1.9865000247955322,2.049999952316284,8302,2.1500000953674316,2.1500000953674316,2.1500000953674316
01-06-2015,1.7599999904632568,1.850000023841858,16587,2.049999952316284,1.971500039100647,1.971500039100647
02-06-2015,1.524999976158142,1.524999976158142,5707,2.049999952316284,1.8550000190734863,1.8550000190734863
03-06-2015,1.5,1.524999976158142,23013,1.899999976158142,1.75,1.75
04-06-2015,1.475000023841858,1.8700000047683716,20300,1.8700000047683716,1.6050000190734863,1.6050000190734863
05-06-2015,1.4500000476837158,1.6050000190734863,9919,1.7300000190734863,1.7300000190734863,1.7300000190734863
08-06-2015,1.2599999904632568,2.4049999713897705,14785,2.4049999713897705,1.600000023841858,1.600000023841858
09-06-2015,1.4900000095367432,1.5750000476837158,5157,1.600000023841858,1.5800000429153442,1.5800000429153442
10-06-2015,1.2999999523162842,1.3700000047683716,6862,1.6649999618530273,1.5499999523162842,1.5499999523162842
11-06-2015,1.2599999904632568,1.2599999904632568,5234,1.6649999618530273,1.5,1.5
12-06-2015,1.2000000476837158,1.2649999856948853,21400,1.6649999618530273,1.4700000286102295,1.4700000286102295
15-06-2015,1.100000023841858,1.2599999904632568,16791,1.4450000524520874,1.2000000476837158,1.2000000476837158
16-06-2015,1.0750000476837158,1.0750000476837158,4313,1.2999999523162842,1.274999976158142,1.274999976158142
17-06-2015,0.8500000238418579,1.350000023841858,22018,1.350000023841858,1.100000023841858,1.100000023841858
18-06-2015,0.949999988079071,1.25,9935,1.2999999523162842,1.2200000286102295,1.2200000286102295
19-06-2015,0.800000011920929,0.8999999761581421,10185,1.2200000286102295,0.9950000047683716,0.9950000047683716
22-06-2015,0.800000011920929,0.8355000019073486,2242,1.1200000047683716,1.1050000190734863,1.1050000190734863
23-06-2015,0.8550000190734863,1.25,5930,1.25,1.0950000286102295,1.0950000286102295
24-06-2015,0.8050000071525574,1.0950000286102295,18301,1.0950000286102295,0.9950000047683716,0.9950000047683716
25-06-2015,0.7799999713897705,0.8050000071525574,21800,0.9750000238418579,0.824999988079071,0.824999988079071
26-06-2015,0.824999988079071,0.824999988079071,5495,0.949999988079071,0.949999988079071,0.949999988079071
29-06-2015,0.7799999713897705,0.949999988079071,12805,0.9950000047683716,0.8299999833106995,0.8299999833106995
30-06-2015,0.7384999990463257,0.8299999833106995,23178,0.9750000238418579,0.7384999990463257,0.7384999990463257
01-07-2015,0.75,0.800000011920929,11245,0.9449999928474426,0.8799999952316284,0.8799999952316284
02-07-2015,0.699999988079071,0.7350000143051147,13711,0.8849999904632568,0.8650000095367432,0.8650000095367432
06-07-2015,0.6549999713897705,0.8700000047683716,7258,0.8700000047683716,0.75,0.75
07-07-2015,0.7164999842643738,0.75,7085,0.9950000047683716,0.9950000047683716,0.9950000047683716
08-07-2015,0.7649999856948853,0.8700000047683716,14207,1.0499999523162842,1.0499999523162842,1.0499999523162842
09-07-2015,0.800000011920929,0.800000011920929,6460,1.0800000429153442,1.0,1.0
10-07-2015,1.0,1.0,1196,1.1549999713897705,1.1549999713897705,1.1549999713897705
13-07-2015,1.0,1.25,2128,1.25,1.024999976158142,1.024999976158142
14-07-2015,1.0,1.0,1930,1.149999976158142,1.100000023841858,1.100000023841858
15-07-2015,1.0049999952316284,1.0049999952316284,387,1.149999976158142,1.149999976158142,1.149999976158142
16-07-2015,1.0,1.1449999809265137,4522,1.149999976158142,1.149999976158142,1.149999976158142
17-07-2015,1.0049999952316284,1.149999976158142,1270,1.149999976158142,1.0049999952316284,1.0049999952316284
20-07-2015,1.0,1.0,3464,1.149999976158142,1.0049999952316284,1.0049999952316284
21-07-2015,1.0049999952316284,1.25,4949,1.25,1.1299999952316284,1.1299999952316284
22-07-2015,1.0049999952316284,1.25,4197,1.25,1.2009999752044678,1.2009999752044678
23-07-2015,1.0850000381469727,1.0850000381469727,1634,1.2450000047683716,1.1614999771118164,1.1614999771118164
24-07-2015,1.149999976158142,1.25,3905,1.25,1.25,1.25
27-07-2015,1.25,1.350000023841858,7993,1.7450000047683716,1.25,1.25
28-07-2015,1.5,1.75,4609,1.75,1.715999960899353,1.715999960899353
29-07-2015,1.5,1.9500000476837158,6289,1.9500000476837158,1.875,1.875
30-07-2015,1.7999999523162842,1.899999976158142,5753,1.9500000476837158,1.7999999523162842,1.7999999523162842
31-07-2015,1.5049999952316284,1.8250000476837158,4082,1.8250000476837158,1.7929999828338623,1.7929999828338623
03-08-2015,1.7899999618530273,1.9950000047683716,3168,2.25,1.9500000476837158,1.9500000476837158
04-08-2015,1.7649999856948853,1.9550000429153442,12099,2.200000047683716,1.9500000476837158,1.9500000476837158
05-08-2015,1.7000000476837158,1.9500000476837158,4344,2.200000047683716,2.1449999809265137,2.1449999809265137
06-08-2015,1.6549999713897705,2.200000047683716,3635,2.200000047683716,1.6749999523162842,1.6749999523162842
07-08-2015,1.5,1.690000057220459,4526,2.190000057220459,1.75,1.75
10-08-2015,1.7549999952316284,2.0,3312,2.1419999599456787,1.9299999475479126,1.9299999475479126
11-08-2015,1.875,1.9950000047683716,522,1.9950000047683716,1.9950000047683716,1.9950000047683716
12-08-2015,1.899999976158142,2.0999999046325684,5213,2.0999999046325684,2.0,2.0
13-08-2015,1.899999976158142,1.899999976158142,722,2.0,1.899999976158142,1.899999976158142
14-08-2015,1.899999976158142,1.899999976158142,892,2.0999999046325684,2.0999999046325684,2.0999999046325684
17-08-2015,1.7549999952316284,2.0999999046325684,14836,2.200000047683716,2.1554999351501465,2.1554999351501465
18-08-2015,1.3550000190734863,1.3550000190734863,5616,2.25,1.8049999475479126,1.8049999475479126
19-08-2015,1.7549999952316284,2.240000009536743,2958,2.240000009536743,2.0,2.0
20-08-2015,1.75,1.7549999952316284,2566,2.200000047683716,2.0,2.0
21-08-2015,2.0,2.200000047683716,2668,2.200000047683716,2.184999942779541,2.184999942779541
24-08-2015,1.7799999713897705,2.0,7569,2.25,2.25,2.25
25-08-2015,1.8550000190734863,1.8550000190734863,1209,2.244999885559082,2.244999885559082,2.244999885559082
26-08-2015,1.9550000429153442,2.244999885559082,3848,2.25,2.244999885559082,2.244999885559082
27-08-2015,1.75,2.1500000953674316,9372,2.1500000953674316,1.75,1.75
28-08-2015,1.75,1.75,1762,2.075000047683716,2.0199999809265137,2.0199999809265137
31-08-2015,1.7549999952316284,1.840000033378601,1397,2.0450000762939453,1.9950000047683716,1.9950000047683716
01-09-2015,1.9809999465942383,1.9950000047683716,1280,2.244999885559082,2.2079999446868896,2.2079999446868896
02-09-2015,2.005000114440918,2.244999885559082,5063,2.25,2.0225000381469727,2.0225000381469727
03-09-2015,1.3550000190734863,1.3550000190734863,2563,2.2100000381469727,2.0,2.0
04-09-2015,1.7549999952316284,1.975000023841858,8976,2.180000066757202,2.1050000190734863,2.1050000190734863
08-09-2015,1.815000057220459,2.200000047683716,3510,2.200000047683716,1.815000057220459,1.815000057220459
09-09-2015,1.7799999713897705,2.194999933242798,1400,2.194999933242798,1.8049999475479126,1.8049999475479126
10-09-2015,1.5049999952316284,1.5049999952316284,3487,1.875,1.7599999904632568,1.7599999904632568
11-09-2015,1.7999999523162842,2.0,449,2.0,1.7999999523162842,1.7999999523162842
14-09-2015,1.600000023841858,1.7599999904632568,3075,1.9450000524520874,1.843999981880188,1.843999981880188
15-09-2015,1.5,1.8799999952316284,3116,1.9950000047683716,1.7649999856948853,1.7649999856948853
16-09-2015,1.4500000476837158,1.5,3604,1.6449999809265137,1.4950000047683716,1.4950000047683716
17-09-2015,1.399999976158142,1.4950000047683716,6481,1.7050000429153442,1.5199999809265137,1.5199999809265137
18-09-2015,1.3300000429153442,1.5,6365,1.9450000524520874,1.3300000429153442,1.3300000429153442
21-09-2015,1.399999976158142,1.4144999980926514,5048,1.9450000524520874,1.899999976158142,1.899999976158142
22-09-2015,1.5,1.9450000524520874,19641,2.450000047683716,2.0999999046325684,2.0999999046325684
23-09-2015,2.075000047683716,2.2249999046325684,8299,2.299999952316284,2.2899999618530273,2.2899999618530273
24-09-2015,1.9950000047683716,2.1700000762939453,3686,2.2899999618530273,2.125,2.125
25-09-2015,1.565000057220459,2.125,12639,2.125,1.7000000476837158,1.7000000476837158
28-09-2015,1.2309999465942383,1.7000000476837158,34967,1.75,1.2999999523162842,1.2999999523162842
29-09-2015,1.159999966621399,1.159999966621399,11284,1.4500000476837158,1.4450000524520874,1.4450000524520874
30-09-2015,1.1749999523162842,1.4450000524520874,7845,1.4450000524520874,1.2699999809265137,1.2699999809265137
01-10-2015,1.100000023841858,1.350000023841858,3486,1.5,1.5,1.5
02-10-2015,1.149999976158142,1.6449999809265137,877,1.6449999809265137,1.5,1.5
05-10-2015,1.0,1.5,11389,1.5,1.465000033378601,1.465000033378601
06-10-2015,1.149999976158142,1.2000000476837158,1025,1.2100000381469727,1.2100000381469727,1.2100000381469727
07-10-2015,1.2100000381469727,1.2100000381469727,0,1.2100000381469727,1.2100000381469727,1.2100000381469727
08-10-2015,0.4000000059604645,0.4000000059604645,6347,1.100000023841858,0.6499999761581421,0.6499999761581421
09-10-2015,0.45010000467300415,0.45010000467300415,8219,1.3200000524520874,1.0,1.0
12-10-2015,0.699999988079071,1.2000000476837158,4999,1.2000000476837158,0.699999988079071,0.699999988079071
13-10-2015,0.7599999904632568,1.090000033378601,19492,1.2000000476837158,0.9279999732971191,0.9279999732971191
14-10-2015,0.9100000262260437,1.0,6749,1.1050000190734863,1.100000023841858,1.100000023841858
15-10-2015,1.0,1.149999976158142,10891,1.399999976158142,1.2400000095367432,1.2400000095367432
16-10-2015,1.0499999523162842,1.2699999809265137,17502,1.3799999952316284,1.1749999523162842,1.1749999523162842
19-10-2015,1.0499999523162842,1.0499999523162842,5163,1.3899999856948853,1.340000033378601,1.340000033378601
20-10-2015,1.0700000524520874,1.0700000524520874,5501,1.3700000047683716,1.159999966621399,1.159999966621399
21-10-2015,1.159999966621399,1.159999966621399,3872,1.3799999952316284,1.340000033378601,1.340000033378601
22-10-2015,1.1699999570846558,1.399999976158142,3196,1.399999976158142,1.350000023841858,1.350000023841858
23-10-2015,1.309999942779541,1.309999942779541,3469,1.340000033378601,1.340000033378601,1.340000033378601
26-10-2015,1.1699999570846558,1.3899999856948853,3405,1.399999976158142,1.340000033378601,1.340000033378601
27-10-2015,1.1699999570846558,1.2000000476837158,2688,1.2000000476837158,1.1699999570846558,1.1699999570846558
28-10-2015,1.0800000429153442,1.1699999570846558,2885,1.1799999475479126,1.1299999952316284,1.1299999952316284
29-10-2015,1.1100000143051147,1.2599999904632568,3859,1.2599999904632568,1.25,1.25
30-10-2015,1.0700000524520874,1.2200000286102295,5504,1.3300000429153442,1.0700000524520874,1.0700000524520874
02-11-2015,1.100000023841858,1.1100000143051147,1888,1.2200000286102295,1.100000023841858,1.100000023841858
03-11-2015,1.1100000143051147,1.1100000143051147,15840,1.4199999570846558,1.4199999570846558,1.4199999570846558
04-11-2015,1.1100000143051147,1.3899999856948853,17273,1.3899999856948853,1.3200000524520874,1.3200000524520874
05-11-2015,1.350000023841858,1.3700000047683716,22177,1.8799999952316284,1.8300000429153442,1.8300000429153442
06-11-2015,1.5299999713897705,1.75,8214,1.7999999523162842,1.7300000190734863,1.7300000190734863
09-11-2015,1.6640000343322754,1.7999999523162842,30316,2.0,1.9800000190734863,1.9800000190734863
10-11-2015,1.850000023841858,2.0,14889,2.0,1.9800000190734863,1.9800000190734863
11-11-2015,1.899999976158142,1.9800000190734863,6166,2.0399999618530273,1.9700000286102295,1.9700000286102295
12-11-2015,1.8200000524520874,1.9630000591278076,33778,1.9700000286102295,1.8857100009918213,1.8857100009918213
13-11-2015,1.7400000095367432,2.0299999713897705,22818,2.0299999713897705,1.9900000095367432,1.9900000095367432
16-11-2015,1.690000057220459,2.0,21171,2.0,1.812399983406067,1.812399983406067
17-11-2015,1.2699999809265137,1.899999976158142,35214,1.899999976158142,1.4994399547576904,1.4994399547576904
18-11-2015,1.2100000381469727,1.475000023841858,57999,1.8899999856948853,1.3300000429153442,1.3300000429153442
19-11-2015,1.3300000429153442,1.399999976158142,22523,1.600000023841858,1.409999966621399,1.409999966621399
20-11-2015,1.2999999523162842,1.4850000143051147,10290,1.4900000095367432,1.2999999523162842,1.2999999523162842
23-11-2015,1.225000023841858,1.3600000143051147,22324,1.3600000143051147,1.2400000095367432,1.2400000095367432
24-11-2015,1.2000000476837158,1.2400000095367432,2265,1.2799999713897705,1.2000000476837158,1.2000000476837158
25-11-2015,0.8999999761581421,1.2000000476837158,19996,1.350000023841858,1.0,1.0
27-11-2015,0.8999999761581421,1.0,3038,1.100000023841858,1.100000023841858,1.100000023841858
30-11-2015,1.0800000429153442,1.2200000286102295,19227,1.2200000286102295,1.090000033378601,1.090000033378601
01-12-2015,1.0499999523162842,1.090000033378601,5820,1.149999976158142,1.0499999523162842,1.0499999523162842
02-12-2015,0.7802000045776367,1.090000033378601,40980,1.090000033378601,0.8999999761581421,0.8999999761581421
03-12-2015,0.75,0.9959999918937683,29920,1.0,1.0,1.0
04-12-2015,0.8288999795913696,0.925000011920929,33644,0.925000011920929,0.8500000238418579,0.8500000238418579
07-12-2015,0.699999988079071,0.7699999809265137,21138,1.1399999856948853,0.7960000038146973,0.7960000038146973
08-12-2015,0.5,0.800000011920929,18898,0.8500000238418579,0.8500000238418579,0.8500000238418579
09-12-2015,0.75,0.8500000238418579,10433,1.0,0.9998999834060669,0.9998999834060669
10-12-2015,0.8295000195503235,0.8999999761581421,13447,1.0,0.859000027179718,0.859000027179718
11-12-2015,0.8500000238418579,0.9144999980926514,2609,0.9144999980926514,0.8500000238418579,0.8500000238418579
14-12-2015,0.6549999713897705,0.800000011920929,26084,0.8500000238418579,0.6549999713897705,0.6549999713897705
15-12-2015,0.6499999761581421,0.6499999761581421,7798,0.8489999771118164,0.7490000128746033,0.7490000128746033
16-12-2015,0.6549999713897705,0.800000011920929,36336,0.8489999771118164,0.6600000262260437,0.6600000262260437
17-12-2015,0.6700000166893005,0.7444999814033508,30304,0.8190000057220459,0.699999988079071,0.699999988079071
18-12-2015,0.7349500060081482,0.75,72282,0.8500000238418579,0.8500000238418579,0.8500000238418579
21-12-2015,0.7549999952316284,0.8500000238418579,37290,0.8999999761581421,0.8429999947547913,0.8429999947547913
22-12-2015,0.7799999713897705,0.7799999713897705,67751,1.0,1.0,1.0
23-12-2015,0.925000011920929,1.0,128478,1.7899999618530273,1.625,1.625
24-12-2015,1.590000033378601,1.6299999952316284,144181,2.5999999046325684,2.25,2.25
28-12-2015,2.1600000858306885,2.625,253442,2.9000000953674316,2.299999952316284,2.299999952316284
29-12-2015,1.3600000143051147,2.299999952316284,161836,2.299999952316284,1.440000057220459,1.440000057220459
30-12-2015,1.4299999475479126,1.5,117517,1.9800000190734863,1.7100000381469727,1.7100000381469727
31-12-2015,1.659999966621399,1.6950000524520874,106357,2.6500000953674316,2.049999952316284,2.049999952316284
04-01-2016,2.049999952316284,2.0799999237060547,101817,2.5999999046325684,2.5999999046325684,2.5999999046325684
05-01-2016,2.4000000953674316,2.5999999046325684,71455,2.8499999046325684,2.549999952316284,2.549999952316284
06-01-2016,2.0969998836517334,2.549999952316284,54520,2.549999952316284,2.3580000400543213,2.3580000400543213
07-01-2016,1.9600000381469727,2.369999885559082,73143,2.369999885559082,1.9908900260925293,1.9908900260925293
08-01-2016,1.9900000095367432,2.049999952316284,93080,2.4800000190734863,2.200000047683716,2.200000047683716
11-01-2016,1.7999999523162842,2.4800000190734863,56601,2.4800000190734863,1.850000023841858,1.850000023841858
12-01-2016,1.9500000476837158,1.9500000476837158,25843,2.259999990463257,2.069000005722046,2.069000005722046
13-01-2016,1.7799999713897705,2.119999885559082,29176,2.119999885559082,1.850000023841858,1.850000023841858
14-01-2016,1.5700000524520874,1.840000033378601,72273,1.840000033378601,1.6999000310897827,1.6999000310897827
15-01-2016,1.2999999523162842,1.7000000476837158,117038,1.7000000476837158,1.399999976158142,1.399999976158142
19-01-2016,1.0800000429153442,1.440000057220459,60075,1.590000033378601,1.2300000190734863,1.2300000190734863
20-01-2016,1.149999976158142,1.2920000553131104,26163,1.4500000476837158,1.3300000429153442,1.3300000429153442
21-01-2016,1.3200000524520874,1.409999966621399,33684,1.7999999523162842,1.559999942779541,1.559999942779541
22-01-2016,1.399999976158142,1.5750000476837158,40210,1.7899999618530273,1.6200000047683716,1.6200000047683716
25-01-2016,1.4550000429153442,1.649999976158142,4276,1.649999976158142,1.5,1.5
26-01-2016,1.399999976158142,1.5800000429153442,9165,1.5800000429153442,1.4600000381469727,1.4600000381469727
27-01-2016,1.4600000381469727,1.4800000190734863,2250,1.5,1.4600000381469727,1.4600000381469727
28-01-2016,1.340000033378601,1.4160000085830688,12180,1.4160000085830688,1.399999976158142,1.399999976158142
29-01-2016,1.2100000381469727,1.340000033378601,39718,1.4179999828338623,1.2100000381469727,1.2100000381469727
01-02-2016,1.2699999809265137,1.2879999876022339,11515,1.350000023841858,1.2999999523162842,1.2999999523162842
02-02-2016,1.2200000286102295,1.350000023841858,11364,1.350000023841858,1.2200000286102295,1.2200000286102295
03-02-2016,1.1399999856948853,1.2200000286102295,11494,1.2699999809265137,1.149999976158142,1.149999976158142
04-02-2016,1.149999976158142,1.2300000190734863,14670,1.2899999618530273,1.2899999618530273,1.2899999618530273
05-02-2016,1.3450000286102295,1.350000023841858,25012,1.6299999952316284,1.4199999570846558,1.4199999570846558
08-02-2016,1.4600000381469727,1.4600000381469727,18457,1.5460000038146973,1.4800000190734863,1.4800000190734863
09-02-2016,1.399999976158142,1.4950000047683716,5768,1.5,1.399999976158142,1.399999976158142
10-02-2016,1.309999942779541,1.409999966621399,2608,1.440000057220459,1.3799999952316284,1.3799999952316284
11-02-2016,1.1799999475479126,1.350000023841858,15408,1.350000023841858,1.2300000190734863,1.2300000190734863
12-02-2016,1.100000023841858,1.2200000286102295,32818,1.2300000190734863,1.159999966621399,1.159999966621399
16-02-2016,1.0800000429153442,1.149999976158142,18561,1.2200000286102295,1.2100000381469727,1.2100000381469727
17-02-2016,1.1799999475479126,1.2070000171661377,14471,1.2400000095367432,1.1799999475479126,1.1799999475479126
18-02-2016,1.1799999475479126,1.1799999475479126,8841,1.2400000095367432,1.1799999475479126,1.1799999475479126
19-02-2016,1.100000023841858,1.2400000095367432,21335,1.4500000476837158,1.2899999618530273,1.2899999618530273
22-02-2016,1.25,1.2740000486373901,6132,1.440000057220459,1.3300000429153442,1.3300000429153442
23-02-2016,1.2960000038146973,1.3700000047683716,15954,1.4800000190734863,1.2960000038146973,1.2960000038146973
24-02-2016,1.1299999952316284,1.2899999618530273,11246,1.2899999618530273,1.2000000476837158,1.2000000476837158
25-02-2016,1.2200000286102295,1.2699999809265137,32695,1.440000057220459,1.2699999809265137,1.2699999809265137
26-02-2016,1.2000000476837158,1.2999999523162842,5791,1.350000023841858,1.2760000228881836,1.2760000228881836
29-02-2016,1.2200000286102295,1.3639999628067017,11633,1.3799999952316284,1.350000023841858,1.350000023841858
01-03-2016,1.2300000190734863,1.399999976158142,14803,1.399999976158142,1.2300000190734863,1.2300000190734863
02-03-2016,1.2000000476837158,1.3480000495910645,11529,1.350000023841858,1.2200000286102295,1.2200000286102295
03-03-2016,1.1799999475479126,1.2799999713897705,16318,1.3300000429153442,1.25,1.25
04-03-2016,1.25,1.3300000429153442,6952,1.340000033378601,1.2599999904632568,1.2599999904632568
07-03-2016,1.25,1.25,8007,1.3899999856948853,1.2999999523162842,1.2999999523162842
08-03-2016,1.2999999523162842,1.350000023841858,5178,1.350000023841858,1.350000023841858,1.350000023841858
09-03-2016,1.25,1.2999999523162842,1587,1.2999999523162842,1.25,1.25
10-03-2016,1.25,1.25,9085,1.350000023841858,1.25,1.25
11-03-2016,1.25,1.25,6176,1.3899999856948853,1.3899999856948853,1.3899999856948853
14-03-2016,1.2899999618530273,1.3300000429153442,23010,1.4900000095367432,1.4900000095367432,1.4900000095367432
15-03-2016,1.4299999475479126,1.4299999475479126,6532,1.5499999523162842,1.5499999523162842,1.5499999523162842
16-03-2016,1.3899999856948853,1.5299999713897705,4781,1.5299999713897705,1.5099999904632568,1.5099999904632568
17-03-2016,1.399999976158142,1.4539999961853027,2579,1.4700000286102295,1.409999966621399,1.409999966621399
18-03-2016,1.2799999713897705,1.3899999856948853,4020,1.399999976158142,1.3200000524520874,1.3200000524520874
21-03-2016,1.2599999904632568,1.309999942779541,23762,1.5,1.2699999809265137,1.2699999809265137
22-03-2016,1.2899999618530273,1.309999942779541,8658,1.409999966621399,1.3799999952316284,1.3799999952316284
23-03-2016,1.25,1.3799999952316284,22786,1.3799999952316284,1.2599999904632568,1.2599999904632568
24-03-2016,1.190000057220459,1.2999999523162842,14108,1.2999999523162842,1.2000000476837158,1.2000000476837158
28-03-2016,1.190000057220459,1.2000000476837158,15585,1.2599999904632568,1.2000000476837158,1.2000000476837158
29-03-2016,1.0800000429153442,1.149999976158142,26217,1.1799999475479126,1.100000023841858,1.100000023841858
30-03-2016,1.100000023841858,1.1299999952316284,2680,1.149999976158142,1.1299999952316284,1.1299999952316284
31-03-2016,1.0800000429153442,1.190000057220459,17572,1.2000000476837158,1.090000033378601,1.090000033378601
01-04-2016,1.090000033378601,1.1619999408721924,12115,1.1799999475479126,1.1200000047683716,1.1200000047683716
04-04-2016,1.149999976158142,1.2699999809265137,9556,1.2699999809265137,1.2000000476837158,1.2000000476837158
05-04-2016,1.100000023841858,1.2999999523162842,26601,1.2999999523162842,1.1100000143051147,1.1100000143051147
06-04-2016,1.0800000429153442,1.0980000495910645,9335,1.1299999952316284,1.1200000047683716,1.1200000047683716
07-04-2016,1.059999942779541,1.0800000429153442,8799,1.100000023841858,1.100000023841858,1.100000023841858
08-04-2016,0.9900000095367432,1.100000023841858,28945,1.100000023841858,1.0199999809265137,1.0199999809265137
11-04-2016,1.0199999809265137,1.0640000104904175,20399,1.100000023841858,1.090000033378601,1.090000033378601
12-04-2016,1.0199999809265137,1.0499999523162842,5552,1.090000033378601,1.0299999713897705,1.0299999713897705
13-04-2016,1.0199999809265137,1.0399999618530273,4624,1.100000023841858,1.0199999809265137,1.0199999809265137
14-04-2016,1.0,1.0199999809265137,15678,1.090000033378601,1.0199999809265137,1.0199999809265137
15-04-2016,1.0,1.0199999809265137,5271,1.0499999523162842,1.0299999713897705,1.0299999713897705
18-04-2016,0.9501000046730042,1.0210000276565552,35171,1.0499999523162842,0.9570000171661377,0.9570000171661377
19-04-2016,0.910099983215332,0.910099983215332,22790,1.0399999618530273,0.9190000295639038,0.9190000295639038
20-04-2016,0.910099983215332,1.0199999809265137,10850,1.0199999809265137,0.949999988079071,0.949999988079071
21-04-2016,0.920199990272522,0.949999988079071,15822,0.989300012588501,0.9613400101661682,0.9613400101661682
22-04-2016,0.9100000262260437,0.9200999736785889,20764,0.9700000286102295,0.9150999784469604,0.9150999784469604
25-04-2016,0.9024900197982788,0.9279999732971191,15982,1.0,0.9300000071525574,0.9300000071525574
26-04-2016,0.9300000071525574,0.9300000071525574,17249,0.9900000095367432,0.949999988079071,0.949999988079071
27-04-2016,0.9300000071525574,0.9300000071525574,11686,0.9900000095367432,0.9900000095367432,0.9900000095367432
28-04-2016,0.8700000047683716,0.9674999713897705,36890,0.9900000095367432,0.8949999809265137,0.8949999809265137
29-04-2016,0.8500000238418579,0.8500000238418579,8373,0.8999999761581421,0.8737199902534485,0.8737199902534485
02-05-2016,0.8708000183105469,0.8853999972343445,21033,0.9300000071525574,0.8899999856948853,0.8899999856948853
03-05-2016,0.8500000238418579,0.9100000262260437,3716,0.9100000262260437,0.9100000262260437,0.9100000262260437
04-05-2016,0.9049999713897705,1.0,3777,1.0,0.9699000120162964,0.9699000120162964
05-05-2016,0.9200000166893005,0.9395999908447266,13125,0.9900000095367432,0.9900000095367432,0.9900000095367432
06-05-2016,0.9681599736213684,1.0,3800,1.0,0.9802500009536743,0.9802500009536743
09-05-2016,0.8550000190734863,0.8550000190734863,23123,1.0700000524520874,1.0,1.0
10-05-2016,0.9210000038146973,1.0,8255,1.0099999904632568,0.9300000071525574,0.9300000071525574
11-05-2016,0.9599999785423279,0.9599999785423279,2198,0.9800000190734863,0.9800000190734863,0.9800000190734863
12-05-2016,0.972000002861023,0.9919999837875366,4761,1.0,0.9900000095367432,0.9900000095367432
13-05-2016,0.875,0.9819999933242798,14122,0.9819999933242798,0.9800000190734863,0.9800000190734863
16-05-2016,0.8999999761581421,0.9380000233650208,10481,0.9599999785423279,0.9599999785423279,0.9599999785423279
17-05-2016,0.8999999761581421,0.943560004234314,9086,0.9599000215530396,0.8999999761581421,0.8999999761581421
18-05-2016,0.8050000071525574,0.8999999761581421,26253,0.9599999785423279,0.8234000205993652,0.8234000205993652
19-05-2016,0.625,0.625,36391,0.9449999928474426,0.8050000071525574,0.8050000071525574
20-05-2016,0.7649999856948853,0.7649999856948853,38653,0.8700000047683716,0.8495000004768372,0.8495000004768372
23-05-2016,0.8495000004768372,0.869700014591217,7194,0.8700000047683716,0.8700000047683716,0.8700000047683716
24-05-2016,0.7699999809265137,0.8201000094413757,32336,0.8899000287055969,0.7710000276565552,0.7710000276565552
25-05-2016,0.7461599707603455,0.7710000276565552,18962,0.8489000201225281,0.7501000165939331,0.7501000165939331
26-05-2016,0.7860000133514404,0.7860000133514404,11305,0.8399999737739563,0.800000011920929,0.800000011920929
27-05-2016,0.6600000262260437,0.699999988079071,77600,0.7498999834060669,0.7396000027656555,0.7396000027656555
31-05-2016,0.6650000214576721,0.7300000190734863,8770,0.7300000190734863,0.7200000286102295,0.7200000286102295
01-06-2016,0.6600000262260437,0.7494999766349792,19344,0.7494999766349792,0.6600000262260437,0.6600000262260437
02-06-2016,0.6101999878883362,0.8949999809265137,61483,0.8949999809265137,0.6499000191688538,0.6499000191688538
03-06-2016,0.5210000276565552,0.6499000191688538,54507,0.7498999834060669,0.6998999714851379,0.6998999714851379
06-06-2016,0.5600000023841858,0.6999800205230713,7040,0.7649999856948853,0.6800000071525574,0.6800000071525574
07-06-2016,0.550000011920929,0.6152999997138977,22135,0.6299999952316284,0.628000020980835,0.628000020980835
08-06-2016,0.5400000214576721,0.6499999761581421,12717,0.6499999761581421,0.550000011920929,0.550000011920929
09-06-2016,0.550000011920929,0.550000011920929,13879,0.5997999906539917,0.5600000023841858,0.5600000023841858
10-06-2016,0.5600000023841858,0.5600000023841858,19816,0.5997999906539917,0.5997999906539917,0.5997999906539917
13-06-2016,0.5619999766349792,0.5619999766349792,19589,0.6000000238418579,0.6000000238418579,0.6000000238418579
14-06-2016,0.5848000049591064,0.5848000049591064,2575,0.5899999737739563,0.5899999737739563,0.5899999737739563
15-06-2016,0.5619999766349792,0.5619999766349792,9975,0.5799999833106995,0.5799999833106995,0.5799999833106995
16-06-2016,0.5450000166893005,0.5600000023841858,15058,0.6000000238418579,0.5799999833106995,0.5799999833106995
17-06-2016,0.5450999736785889,0.5525000095367432,13404,0.6000000238418579,0.6000000238418579,0.6000000238418579
20-06-2016,0.5450000166893005,0.6000000238418579,21545,0.6200000047683716,0.6079999804496765,0.6079999804496765
21-06-2016,0.5450000166893005,0.5450000166893005,31020,0.6200000047683716,0.5501000285148621,0.5501000285148621
22-06-2016,0.550000011920929,0.5806000232696533,9028,0.5806000232696533,0.5509999990463257,0.5509999990463257
23-06-2016,0.5852000117301941,0.5852000117301941,6250,0.6000000238418579,0.6000000238418579,0.6000000238418579
24-06-2016,0.6000000238418579,0.6000000238418579,4317,0.6600000262260437,0.6000999808311462,0.6000999808311462
27-06-2016,0.6300399899482727,0.6499999761581421,11380,0.6600000262260437,0.6600000262260437,0.6600000262260437
28-06-2016,0.6225000023841858,0.6600000262260437,3654,0.6600000262260437,0.6230000257492065,0.6230000257492065
29-06-2016,0.6599000096321106,0.6599900126457214,40151,0.8320000171661377,0.75,0.75
30-06-2016,0.7139999866485596,0.75,2006,0.75,0.75,0.75
01-07-2016,0.75,0.75,0,0.75,0.75,0.75
05-07-2016,0.6700000166893005,0.7900000214576721,25747,0.8848999738693237,0.699999988079071,0.699999988079071
06-07-2016,0.699999988079071,0.734000027179718,691,0.734000027179718,0.7174299955368042,0.7174299955368042
07-07-2016,0.6650999784469604,0.762499988079071,5360,0.762499988079071,0.6899999976158142,0.6899999976158142
08-07-2016,0.702180027961731,0.702180027961731,360,0.702180027961731,0.702180027961731,0.702180027961731
11-07-2016,0.6855000257492065,0.7900000214576721,5801,0.7900000214576721,0.6855000257492065,0.6855000257492065
12-07-2016,0.701200008392334,0.7367200255393982,2800,0.7900000214576721,0.7200000286102295,0.7200000286102295
13-07-2016,0.7200000286102295,0.7440000176429749,17089,0.7799999713897705,0.7799999713897705,0.7799999713897705
14-07-2016,0.7330999970436096,0.7799999713897705,5359,0.7799999713897705,0.7799999713897705,0.7799999713897705
15-07-2016,0.7401999831199646,0.7799999713897705,4264,0.7799999713897705,0.7574999928474426,0.7574999928474426
18-07-2016,0.7333999872207642,0.7333999872207642,940,0.755050003528595,0.7333999872207642,0.7333999872207642
19-07-2016,0.7333999872207642,0.7333999872207642,0,0.7333999872207642,0.7333999872207642,0.7333999872207642
20-07-2016,0.75,0.75,1700,0.777999997138977,0.75,0.75
21-07-2016,0.7333999872207642,0.7400000095367432,7772,0.7699999809265137,0.75,0.75
22-07-2016,0.7333999872207642,0.75,2867,0.75,0.7409999966621399,0.7409999966621399
25-07-2016,0.6194999814033508,0.7333999872207642,20602,0.7333999872207642,0.6399999856948853,0.6399999856948853
26-07-2016,0.5899999737739563,0.6420000195503235,33553,0.6499999761581421,0.5899999737739563,0.5899999737739563
27-07-2016,0.5899999737739563,0.6139600276947021,3138,0.6499999761581421,0.6499999761581421,0.6499999761581421
28-07-2016,0.6000999808311462,0.6000999808311462,900,0.6000999808311462,0.6000999808311462,0.6000999808311462
29-07-2016,0.5699999928474426,0.5699999928474426,3083,0.6020600199699402,0.5699999928474426,0.5699999928474426
01-08-2016,0.5501000285148621,0.5699999928474426,4284,0.6000000238418579,0.5700600147247314,0.5700600147247314
02-08-2016,0.5702000260353088,0.6000000238418579,2800,0.6000000238418579,0.5702000260353088,0.5702000260353088
03-08-2016,0.5799999833106995,0.5799999833106995,1953,0.5799999833106995,0.5799999833106995,0.5799999833106995
04-08-2016,0.5299999713897705,0.5799999833106995,6942,0.5799999833106995,0.5799000263214111,0.5799000263214111
05-08-2016,0.5302000045776367,0.5302000045776367,1884,0.5920699834823608,0.5501000285148621,0.5501000285148621
08-08-2016,0.5149999856948853,0.5620899796485901,21456,0.7300000190734863,0.5300999879837036,0.5300999879837036
09-08-2016,0.550000011920929,0.5550000071525574,5398,0.5550000071525574,0.550000011920929,0.550000011920929
10-08-2016,0.5200999975204468,0.5300899744033813,4952,0.5300899744033813,0.5200999975204468,0.5200999975204468
11-08-2016,0.5205000042915344,0.6600000262260437,4086,0.6600000262260437,0.6200000047683716,0.6200000047683716
12-08-2016,0.550000011920929,0.5600000023841858,4400,0.6600000262260437,0.5751000046730042,0.5751000046730042
15-08-2016,0.5149999856948853,0.5149999856948853,6538,0.6549999713897705,0.6000000238418579,0.6000000238418579
16-08-2016,0.6000000238418579,0.6850000023841858,1585,0.6899999976158142,0.6000000238418579,0.6000000238418579
17-08-2016,0.5759999752044678,0.5759999752044678,7876,0.6000000238418579,0.6000000238418579,0.6000000238418579
18-08-2016,0.6000000238418579,0.6000000238418579,9198,0.6800000071525574,0.6499999761581421,0.6499999761581421
19-08-2016,0.5649999976158142,0.6485400199890137,926,0.6485400199890137,0.5649999976158142,0.5649999976158142
22-08-2016,0.5210000276565552,0.5600000023841858,6375,0.5600000023841858,0.5380600094795227,0.5380600094795227
23-08-2016,0.5319799780845642,0.5379999876022339,16996,0.5741999745368958,0.5741999745368958,0.5741999745368958
24-08-2016,0.5303999781608582,0.5569000244140625,1510,0.5746399760246277,0.5746399760246277,0.5746399760246277
25-08-2016,0.5569000244140625,0.5569000244140625,1096,0.5569000244140625,0.5569000244140625,0.5569000244140625
26-08-2016,0.5295000076293945,0.5303500294685364,5615,0.5400000214576721,0.5400000214576721,0.5400000214576721
29-08-2016,0.5579599738121033,0.5579599738121033,286,0.5579599738121033,0.5579599738121033,0.5579599738121033
30-08-2016,0.5369700193405151,0.5369700193405151,311,0.5369700193405151,0.5369700193405151,0.5369700193405151
31-08-2016,0.5199999809265137,0.5199999809265137,7000,0.5199999809265137,0.5199999809265137,0.5199999809265137
01-09-2016,0.5199999809265137,0.5199999809265137,6135,0.5458800196647644,0.5458800196647644,0.5458800196647644
02-09-2016,0.5199999809265137,0.5299999713897705,9230,0.5299999713897705,0.5199999809265137,0.5199999809265137
06-09-2016,0.5099999904632568,0.5199999809265137,16710,0.5218999981880188,0.5218999981880188,0.5218999981880188
07-09-2016,0.45100000500679016,0.5099999904632568,36834,0.5400000214576721,0.47999998927116394,0.47999998927116394
08-09-2016,0.38350000977516174,0.48100000619888306,17313,0.550000011920929,0.5239999890327454,0.5239999890327454
09-09-2016,0.5052000284194946,0.5052000284194946,4132,0.5339999794960022,0.5299999713897705,0.5299999713897705
12-09-2016,0.47999998927116394,0.47999998927116394,25963,0.5799999833106995,0.48100000619888306,0.48100000619888306
13-09-2016,0.46000000834465027,0.47999998927116394,6472,0.4999000132083893,0.4999000132083893,0.4999000132083893
14-09-2016,0.4699999988079071,0.4970000088214874,13232,0.4970000088214874,0.4699999988079071,0.4699999988079071
15-09-2016,0.38999998569488525,0.4300000071525574,19110,0.5,0.45089998841285706,0.45089998841285706
16-09-2016,0.4399999976158142,0.4401000142097473,15154,0.44999998807907104,0.44999998807907104,0.44999998807907104
19-09-2016,0.3955000042915344,0.3955000042915344,19611,0.44999998807907104,0.44999998807907104,0.44999998807907104
20-09-2016,0.41999998688697815,0.41999998688697815,29897,0.491100013256073,0.491100013256073,0.491100013256073
21-09-2016,0.490200012922287,0.490200012922287,3110,0.4909200072288513,0.4909200072288513,0.4909200072288513
22-09-2016,0.41999998688697815,0.514519989490509,2194,0.514519989490509,0.47394001483917236,0.47394001483917236
23-09-2016,0.46887001395225525,0.49281999468803406,3511,0.4929099977016449,0.47519999742507935,0.47519999742507935
26-09-2016,0.47519999742507935,0.47519999742507935,0,0.47519999742507935,0.47519999742507935,0.47519999742507935
27-09-2016,0.4300000071525574,0.4300000071525574,723,0.4300000071525574,0.4300000071525574,0.4300000071525574
28-09-2016,0.43140000104904175,0.46000000834465027,7352,0.46000000834465027,0.43140000104904175,0.43140000104904175
29-09-2016,0.4300000071525574,0.4300000071525574,1030,0.5,0.4580000042915344,0.4580000042915344
30-09-2016,0.4699999988079071,0.4699999988079071,305,0.4699999988079071,0.4699999988079071,0.4699999988079071
03-10-2016,0.4659999907016754,0.4659999907016754,2252,0.4699999988079071,0.4699999988079071,0.4699999988079071
04-10-2016,0.4699999988079071,0.4699999988079071,0,0.4699999988079071,0.4699999988079071,0.4699999988079071
05-10-2016,0.44999998807907104,0.44999998807907104,4510,0.5099999904632568,0.44999998807907104,0.44999998807907104
06-10-2016,0.4399999976158142,0.4399999976158142,2210,0.5099999904632568,0.5099999904632568,0.5099999904632568
07-10-2016,0.4819999933242798,0.5,3440,0.5099999904632568,0.4819999933242798,0.4819999933242798
10-10-2016,0.46799999475479126,0.46799999475479126,15165,0.527999997138977,0.5,0.5
11-10-2016,0.4399999976158142,0.5799999833106995,7455,0.5799999833106995,0.49799999594688416,0.49799999594688416
12-10-2016,0.4779999852180481,0.4779999852180481,2873,0.5199999809265137,0.492000013589859,0.492000013589859
13-10-2016,0.47999998927116394,0.492000013589859,2030,0.5,0.47999998927116394,0.47999998927116394
14-10-2016,0.4740000069141388,0.5,1366,0.5,0.4740000069141388,0.4740000069141388
17-10-2016,0.41999998688697815,0.5,29916,0.5,0.47999998927116394,0.47999998927116394
18-10-2016,0.44999998807907104,0.44999998807907104,75322,0.6299999952316284,0.5740000009536743,0.5740000009536743
19-10-2016,0.5199999809265137,0.6000000238418579,16402,0.6000000238418579,0.6000000238418579,0.6000000238418579
20-10-2016,0.550000011920929,0.6000000238418579,24677,0.6299999952316284,0.5899999737739563,0.5899999737739563
21-10-2016,0.5699999928474426,0.5699999928474426,15166,0.6100000143051147,0.5799999833106995,0.5799999833106995
24-10-2016,0.574999988079071,0.6000000238418579,15520,0.6000000238418579,0.5899999737739563,0.5899999737739563
25-10-2016,0.5659999847412109,0.5699999928474426,9569,0.6000000238418579,0.5799999833106995,0.5799999833106995
26-10-2016,0.5400000214576721,0.550000011920929,24083,0.5899999737739563,0.5521000027656555,0.5521000027656555
27-10-2016,0.42100000381469727,0.5521000027656555,33009,0.5521000027656555,0.47999998927116394,0.47999998927116394
28-10-2016,0.44999998807907104,0.5,27787,0.5,0.44999998807907104,0.44999998807907104
31-10-2016,0.44999998807907104,0.47999998927116394,20864,0.5,0.5,0.5
01-11-2016,0.31310001015663147,0.5,16683,0.5,0.4532400071620941,0.4532400071620941
02-11-2016,0.5084999799728394,0.5400000214576721,91488,0.6000000238418579,0.5084999799728394,0.5084999799728394
03-11-2016,0.4699999988079071,0.5199999809265137,23511,0.5220000147819519,0.4699999988079071,0.4699999988079071
04-11-2016,0.44999998807907104,0.5,42309,0.5,0.44999998807907104,0.44999998807907104
07-11-2016,0.44999998807907104,0.5049999952316284,41465,0.6000000238418579,0.5,0.5
08-11-2016,0.5099999904632568,0.5699999928474426,105372,0.6000000238418579,0.5400000214576721,0.5400000214576721
09-11-2016,0.49000000953674316,0.550000011920929,108310,0.550000011920929,0.49000000953674316,0.49000000953674316
10-11-2016,0.3790000081062317,0.4779999852180481,8497,0.5099999904632568,0.49000000953674316,0.49000000953674316
11-11-2016,0.41999998688697815,0.5199999809265137,15418,0.5199999809265137,0.4480000138282776,0.4480000138282776
14-11-2016,0.41999998688697815,0.41999998688697815,52091,0.5,0.47999998927116394,0.47999998927116394
15-11-2016,0.41999998688697815,0.5,53429,0.5,0.41999998688697815,0.41999998688697815
16-11-2016,0.41999998688697815,0.41999998688697815,42606,0.44999998807907104,0.44999998807907104,0.44999998807907104
17-11-2016,0.41999998688697815,0.41999998688697815,34230,0.44999998807907104,0.43050000071525574,0.43050000071525574
18-11-2016,0.3799999952316284,0.46000000834465027,35541,0.46000000834465027,0.4099999964237213,0.4099999964237213
21-11-2016,0.36000001430511475,0.36000001430511475,74021,0.41990000009536743,0.3880000114440918,0.3880000114440918
22-11-2016,0.3400000035762787,0.3700000047683716,62949,0.38199999928474426,0.3400000035762787,0.3400000035762787
23-11-2016,0.30000001192092896,0.35260000824928284,46649,0.4000000059604645,0.3799000084400177,0.3799000084400177
25-11-2016,0.36000001430511475,0.36000001430511475,120,0.36000001430511475,0.36000001430511475,0.36000001430511475
28-11-2016,0.3253900110721588,0.4000000059604645,6749,0.4000000059604645,0.33799999952316284,0.33799999952316284
29-11-2016,0.33000001311302185,0.33000001311302185,4275,0.33799999952316284,0.33799999952316284,0.33799999952316284
30-11-2016,0.33000001311302185,0.33000001311302185,7230,0.3400000035762787,0.3400000035762787,0.3400000035762787
01-12-2016,0.2849999964237213,0.33000001311302185,56891,0.3400000035762787,0.29100000858306885,0.29100000858306885
02-12-2016,0.28999999165534973,0.28999999165534973,46495,0.33000001311302185,0.28999999165534973,0.28999999165534973
05-12-2016,0.2800999879837036,0.28999999165534973,37874,0.3199000060558319,0.2800999879837036,0.2800999879837036
06-12-2016,0.28999999165534973,0.28999999165534973,16180,0.3199000060558319,0.3199000060558319,0.3199000060558319
07-12-2016,0.2053000032901764,0.30880001187324524,175499,0.30880001187324524,0.26499998569488525,0.26499998569488525
08-12-2016,0.2549999952316284,0.2549999952316284,22093,0.28999999165534973,0.28999999165534973,0.28999999165534973
09-12-2016,0.25,0.28999999165534973,30736,0.28999999165534973,0.25,0.25
12-12-2016,0.23000000417232513,0.2344300001859665,35583,0.2799000144004822,0.25,0.25
13-12-2016,0.20559999346733093,0.25,68026,0.25,0.2199999988079071,0.2199999988079071
14-12-2016,0.20999999344348907,0.2199999988079071,81269,0.25,0.24789999425411224,0.24789999425411224
15-12-2016,0.2053000032901764,0.23000000417232513,60295,0.23000000417232513,0.2053000032901764,0.2053000032901764
16-12-2016,0.2053000032901764,0.2053000032901764,68003,0.24799999594688416,0.23000000417232513,0.23000000417232513
19-12-2016,0.2199999988079071,0.23000000417232513,36511,0.24799999594688416,0.23499999940395355,0.23499999940395355
20-12-2016,0.2321999967098236,0.2321999967098236,2331,0.24699999392032623,0.23999999463558197,0.23999999463558197
21-12-2016,0.210099995136261,0.23999999463558197,26288,0.24500000476837158,0.24500000476837158,0.24500000476837158
22-12-2016,0.22210000455379486,0.24574999511241913,9836,0.24574999511241913,0.2312600016593933,0.2312600016593933
23-12-2016,0.25,0.25,53425,0.27390000224113464,0.2595599889755249,0.2595599889755249
27-12-2016,0.2549999952316284,0.29989999532699585,21053,0.29989999532699585,0.2687999904155731,0.2687999904155731
28-12-2016,0.2551000118255615,0.267549991607666,97250,0.41999998688697815,0.3499999940395355,0.3499999940395355
29-12-2016,0.25999999046325684,0.25999999046325684,91269,0.3815000057220459,0.30000001192092896,0.30000001192092896
30-12-2016,0.3077000081539154,0.3199999928474426,17375,0.3499999940395355,0.3100000023841858,0.3100000023841858
03-01-2017,0.2800000011920929,0.32600000500679016,85320,0.41999998688697815,0.3100000023841858,0.3100000023841858
04-01-2017,0.29010000824928284,0.3100000023841858,53469,0.3499999940395355,0.3420799970626831,0.3420799970626831
05-01-2017,0.34599998593330383,0.34599998593330383,54919,0.4000000059604645,0.38999998569488525,0.38999998569488525
06-01-2017,0.35010001063346863,0.38999998569488525,30670,0.38999998569488525,0.38999998569488525,0.38999998569488525
09-01-2017,0.35109999775886536,0.35109999775886536,48306,0.38999998569488525,0.3799999952316284,0.3799999952316284
10-01-2017,0.375,0.4000000059604645,29965,0.4000000059604645,0.382999986410141,0.382999986410141
11-01-2017,0.3199999928474426,0.4090000092983246,65665,0.4090000092983246,0.358599990606308,0.358599990606308
12-01-2017,0.33000001311302185,0.36000001430511475,39015,0.39989998936653137,0.33000001311302185,0.33000001311302185
13-01-2017,0.3400000035762787,0.3799999952316284,21152,0.3799999952316284,0.3575499951839447,0.3575499951839447
17-01-2017,0.36000001430511475,0.36000001430511475,27263,0.3700000047683716,0.3700000047683716,0.3700000047683716
18-01-2017,0.3700000047683716,0.375,64161,0.41990000009536743,0.4050000011920929,0.4050000011920929
19-01-2017,0.3963499963283539,0.3963499963283539,152206,0.550000011920929,0.5199999809265137,0.5199999809265137
20-01-2017,0.3750999867916107,0.550000011920929,88674,0.5899999737739563,0.5,0.5
23-01-2017,0.5,0.5450000166893005,29965,0.5899999737739563,0.5149999856948853,0.5149999856948853
24-01-2017,0.47999998927116394,0.5199999809265137,45521,0.5199999809265137,0.492000013589859,0.492000013589859
25-01-2017,0.44999998807907104,0.550000011920929,18986,0.550000011920929,0.4799399971961975,0.4799399971961975
26-01-2017,0.45500001311302185,0.5,20083,0.5,0.47999998927116394,0.47999998927116394
27-01-2017,0.4699999988079071,0.4699999988079071,28277,0.5099999904632568,0.5099999904632568,0.5099999904632568
30-01-2017,0.48240000009536743,0.5199999809265137,19978,0.5199999809265137,0.49000000953674316,0.49000000953674316
31-01-2017,0.44999998807907104,0.47099998593330383,54787,0.5,0.4650000035762787,0.4650000035762787
01-02-2017,0.4399999976158142,0.4399999976158142,25517,0.49000000953674316,0.49000000953674316,0.49000000953674316
02-02-2017,0.4399999976158142,0.4510999917984009,87915,0.4743399918079376,0.4659999907016754,0.4659999907016754
03-02-2017,0.41839998960494995,0.4490000009536743,89127,0.45980000495910645,0.4499000012874603,0.4499000012874603
06-02-2017,0.38999998569488525,0.4499000012874603,98027,0.4499000012874603,0.41519999504089355,0.41519999504089355
07-02-2017,0.38339999318122864,0.4230000078678131,48072,0.42989999055862427,0.39724001288414,0.39724001288414
08-02-2017,0.36000001430511475,0.39100000262260437,122241,0.4074000120162964,0.37599998712539673,0.37599998712539673
09-02-2017,0.3009999990463257,0.3799999952316284,134350,0.3799999952316284,0.3199999928474426,0.3199999928474426
10-02-2017,0.20000000298023224,0.3440000116825104,214060,0.3440000116825104,0.2976999878883362,0.2976999878883362
13-02-2017,0.2800000011920929,0.30000001192092896,18824,0.3328000009059906,0.31968000531196594,0.31968000531196594
14-02-2017,0.33009999990463257,0.5,49541,0.5,0.34894001483917236,0.34894001483917236
15-02-2017,0.3499999940395355,0.357699990272522,141265,0.4819999933242798,0.44999998807907104,0.44999998807907104
16-02-2017,0.41999998688697815,0.4749999940395355,145527,0.49000000953674316,0.4449999928474426,0.4449999928474426
17-02-2017,0.4000000059604645,0.44999998807907104,88029,0.44999998807907104,0.4099999964237213,0.4099999964237213
21-02-2017,0.4005500078201294,0.4005500078201294,144703,0.49000000953674316,0.4625999927520752,0.4625999927520752
22-02-2017,0.40049999952316284,0.47099998593330383,40776,0.47099998593330383,0.44999998807907104,0.44999998807907104
23-02-2017,0.41029998660087585,0.44999998807907104,97702,0.44999998807907104,0.41519999504089355,0.41519999504089355
24-02-2017,0.37619999051094055,0.4129999876022339,80644,0.4399000108242035,0.43950000405311584,0.43950000405311584
27-02-2017,0.3610999882221222,0.4099999964237213,106613,0.43869999051094055,0.39034000039100647,0.39034000039100647
28-02-2017,0.3303000032901764,0.3874500095844269,76974,0.3874500095844269,0.3499999940395355,0.3499999940395355
01-03-2017,0.3100000023841858,0.36000001430511475,97743,0.36000001430511475,0.3264000117778778,0.3264000117778778
02-03-2017,0.29989999532699585,0.3276999890804291,49479,0.32989999651908875,0.30000001192092896,0.30000001192092896
03-03-2017,0.2849999964237213,0.3050000071525574,107618,0.33000001311302185,0.2939999997615814,0.2939999997615814
06-03-2017,0.2800000011920929,0.30000001192092896,129252,0.30000001192092896,0.29194000363349915,0.29194000363349915
07-03-2017,0.2800000011920929,0.2800000011920929,7903,0.3499000072479248,0.31196001172065735,0.31196001172065735
08-03-2017,0.27000001072883606,0.3100000023841858,68872,0.3100000023841858,0.29989999532699585,0.29989999532699585
09-03-2017,0.25999999046325684,0.2653000056743622,42265,0.30000001192092896,0.30000001192092896,0.30000001192092896
10-03-2017,0.25099998712539673,0.2800000011920929,55038,0.30000001192092896,0.26100000739097595,0.26100000739097595
13-03-2017,0.24500000476837158,0.289000004529953,159101,0.289000004529953,0.25999999046325684,0.25999999046325684
14-03-2017,0.2653000056743622,0.2653000056743622,9798,0.27000001072883606,0.2653000056743622,0.2653000056743622
15-03-2017,0.25099998712539673,0.2653000056743622,33397,0.27000001072883606,0.25099998712539673,0.25099998712539673
16-03-2017,0.2578999996185303,0.25793999433517456,32959,0.27000001072883606,0.2578999996185303,0.2578999996185303
17-03-2017,0.2549999952316284,0.25999999046325684,16847,0.25999999046325684,0.2549999952316284,0.2549999952316284
20-03-2017,0.22750000655651093,0.2549999952316284,53649,0.3499999940395355,0.23100000619888306,0.23100000619888306
21-03-2017,0.23100000619888306,0.23109999299049377,183165,0.24500000476837158,0.23720000684261322,0.23720000684261322
22-03-2017,0.23100000619888306,0.24500000476837158,1220,0.24500000476837158,0.23100000619888306,0.23100000619888306
23-03-2017,0.23000000417232513,0.23109999299049377,19472,0.24500000476837158,0.24459999799728394,0.24459999799728394
24-03-2017,0.23499999940395355,0.23999999463558197,25959,0.3499999940395355,0.2850399911403656,0.2850399911403656
27-03-2017,0.24009999632835388,0.26750001311302185,25056,0.33500000834465027,0.28700000047683716,0.28700000047683716
28-03-2017,0.23000000417232513,0.2856000065803528,103978,0.2856000065803528,0.24250000715255737,0.24250000715255737
29-03-2017,0.23000000417232513,0.23874999582767487,78228,0.24969999492168427,0.23010000586509705,0.23010000586509705
30-03-2017,0.23000000417232513,0.23999999463558197,78726,0.23999999463558197,0.23499999940395355,0.23499999940395355
31-03-2017,0.23000000417232513,0.27000001072883606,63380,0.27000001072883606,0.23000000417232513,0.23000000417232513
03-04-2017,0.2199999988079071,0.23000000417232513,99851,0.2498999983072281,0.2199999988079071,0.2199999988079071
04-04-2017,0.2199999988079071,0.23739999532699585,40002,0.23880000412464142,0.23880000412464142,0.23880000412464142
05-04-2017,0.20999999344348907,0.20999999344348907,109664,0.2199999988079071,0.2199999988079071,0.2199999988079071
06-04-2017,0.20999999344348907,0.24770000576972961,50709,0.24770000576972961,0.20999999344348907,0.20999999344348907
07-04-2017,0.20000000298023224,0.20999999344348907,55927,0.22091999650001526,0.20399999618530273,0.20399999618530273
10-04-2017,0.20000000298023224,0.20399999618530273,66788,0.2498999983072281,0.20000000298023224,0.20000000298023224
11-04-2017,0.2199999988079071,0.2314399927854538,19753,0.2433599978685379,0.24160000681877136,0.24160000681877136
12-04-2017,0.20999999344348907,0.2498999983072281,37696,0.2498999983072281,0.21841999888420105,0.21841999888420105
13-04-2017,0.20100000500679016,0.21130000054836273,86110,0.23999999463558197,0.23999999463558197,0.23999999463558197
17-04-2017,0.22010000050067902,0.23999999463558197,19214,0.23999999463558197,0.23970000445842743,0.23970000445842743
18-04-2017,0.22010000050067902,0.2395000010728836,8105,0.2395000010728836,0.22040000557899475,0.22040000557899475
19-04-2017,0.20110000669956207,0.22040000557899475,54824,0.2290000021457672,0.2199999988079071,0.2199999988079071
20-04-2017,0.20100000500679016,0.2190999984741211,156312,0.24250000715255737,0.23999999463558197,0.23999999463558197
21-04-2017,0.20999999344348907,0.2378000020980835,43370,0.2378000020980835,0.22589999437332153,0.22589999437332153
24-04-2017,0.20100000500679016,0.24699999392032623,67455,0.24699999392032623,0.2290000021457672,0.2290000021457672
25-04-2017,0.20100000500679016,0.2290000021457672,55244,0.2290000021457672,0.20726999640464783,0.20726999640464783
26-04-2017,0.1850000023841858,0.20499999821186066,117960,0.20499999821186066,0.20000000298023224,0.20000000298023224
27-04-2017,0.1850000023841858,0.1850000023841858,115431,0.23360000550746918,0.19009999930858612,0.19009999930858612
28-04-2017,0.19499999284744263,0.19499999284744263,30518,0.20000000298023224,0.20000000298023224,0.20000000298023224
01-05-2017,0.1860000044107437,0.19750000536441803,43840,0.20000000298023224,0.20000000298023224,0.20000000298023224
02-05-2017,0.1860000044107437,0.1899999976158142,71205,0.19300000369548798,0.1860000044107437,0.1860000044107437
03-05-2017,0.15000000596046448,0.18799999356269836,117526,0.1899999976158142,0.18369999527931213,0.18369999527931213
04-05-2017,0.1509999930858612,0.17020000517368317,64165,0.17045000195503235,0.17045000195503235,0.17045000195503235
05-05-2017,0.15000000596046448,0.15000000596046448,61196,0.18889999389648438,0.1679999977350235,0.1679999977350235
08-05-2017,0.1509999930858612,0.18389999866485596,24359,0.18389999866485596,0.1599999964237213,0.1599999964237213
09-05-2017,0.15109999477863312,0.18060000240802765,26029,0.18060000240802765,0.1599999964237213,0.1599999964237213
10-05-2017,0.15109999477863312,0.15109999477863312,2638,0.16695000231266022,0.16695000231266022,0.16695000231266022
11-05-2017,0.16864000260829926,0.1809999942779541,19530,0.1809999942779541,0.17499999701976776,0.17499999701976776
12-05-2017,0.1509999930858612,0.17489999532699585,7669,0.17489999532699585,0.1589999943971634,0.1589999943971634
15-05-2017,0.15000000596046448,0.16599999368190765,41079,0.16990000009536743,0.16990000009536743,0.16990000009536743
16-05-2017,0.15199999511241913,0.1680999994277954,36995,0.17000000178813934,0.16500000655651093,0.16500000655651093
17-05-2017,0.14190000295639038,0.17000000178813934,48473,0.17000000178813934,0.1420000046491623,0.1420000046491623
18-05-2017,0.1420000046491623,0.1526000052690506,25263,0.16557000577449799,0.15889999270439148,0.15889999270439148
19-05-2017,0.14000000059604645,0.14880000054836273,116469,0.164900004863739,0.1599999964237213,0.1599999964237213
22-05-2017,0.1550000011920929,0.1550000011920929,2550,0.164000004529953,0.16300000250339508,0.16300000250339508
23-05-2017,0.13300000131130219,0.1599999964237213,71771,0.16359999775886536,0.16359999775886536,0.16359999775886536
24-05-2017,0.12700000405311584,0.15000000596046448,56059,0.16349999606609344,0.15877999365329742,0.15877999365329742
25-05-2017,0.11699999868869781,0.16120000183582306,94191,0.16359999775886536,0.14810000360012054,0.14810000360012054
26-05-2017,0.11400000005960464,0.14010000228881836,109687,0.15000000596046448,0.12210000306367874,0.12210000306367874
30-05-2017,0.11999999731779099,0.12300000339746475,67881,0.13539999723434448,0.13539999723434448,0.13539999723434448
31-05-2017,0.11599999666213989,0.15000000596046448,28179,0.15000000596046448,0.13539999723434448,0.13539999723434448
01-06-2017,0.13539999723434448,0.13539999723434448,10900,0.1354999989271164,0.1354999989271164,0.1354999989271164
02-06-2017,0.13009999692440033,0.13279999792575836,18316,0.14920000731945038,0.14920000731945038,0.14920000731945038
05-06-2017,0.11729999631643295,0.13030000030994415,42900,0.1468999981880188,0.1345899999141693,0.1345899999141693
06-06-2017,0.10000000149011612,0.12469000369310379,82713,0.12999999523162842,0.121799997985363,0.121799997985363
07-06-2017,0.11500000208616257,0.11824999749660492,75875,0.11990000307559967,0.11654999852180481,0.11654999852180481
08-06-2017,0.10999999940395355,0.10999999940395355,46010,0.11810000240802765,0.10999999940395355,0.10999999940395355
09-06-2017,0.10000000149011612,0.10989999771118164,77877,0.10999999940395355,0.10010000318288803,0.10010000318288803
12-06-2017,0.10000000149011612,0.10100000351667404,44777,0.10593999922275543,0.10490000247955322,0.10490000247955322
13-06-2017,0.10000000149011612,0.10000000149011612,49953,0.10939999669790268,0.10801000148057938,0.10801000148057938
14-06-2017,0.10000000149011612,0.10999999940395355,73526,0.11800000071525574,0.11800000071525574,0.11800000071525574
15-06-2017,0.1002499982714653,0.10904999822378159,42420,0.11349999904632568,0.10989999771118164,0.10989999771118164
16-06-2017,0.10019999742507935,0.10999999940395355,36890,0.10999999940395355,0.10485000163316727,0.10485000163316727
19-06-2017,0.06350000202655792,0.10000000149011612,37619,0.10369999706745148,0.08935000002384186,0.08935000002384186
20-06-2017,0.09009999781847,0.09009999781847,30091,0.10490000247955322,0.09985999763011932,0.09985999763011932
21-06-2017,0.08100000023841858,0.09049999713897705,13100,0.10000000149011612,0.09125000238418579,0.09125000238418579
22-06-2017,0.08110000193119049,0.08110000193119049,69179,0.10499999672174454,0.10450000315904617,0.10450000315904617
23-06-2017,0.0828000009059906,0.10000000149011612,27606,0.10499999672174454,0.10499999672174454,0.10499999672174454
26-06-2017,0.08250000327825546,0.10000000149011612,43264,0.10000000149011612,0.08399999886751175,0.08399999886751175
27-06-2017,0.08209999650716782,0.08209999650716782,38000,0.09821999818086624,0.08389999717473984,0.08389999717473984
28-06-2017,0.07100000232458115,0.10000000149011612,167022,0.10000000149011612,0.08979000151157379,0.08979000151157379
29-06-2017,0.07235000282526016,0.08950000256299973,34044,0.08950000256299973,0.08020000159740448,0.08020000159740448
30-06-2017,0.07100000232458115,0.07100000232458115,49872,0.08950000256299973,0.07900000363588333,0.07900000363588333
03-07-2017,0.07000000029802322,0.08950000256299973,56070,0.08950000256299973,0.07890000194311142,0.07890000194311142
05-07-2017,0.06019999831914902,0.07900000363588333,65406,0.07900000363588333,0.06667999923229218,0.06667999923229218
06-07-2017,0.06019999831914902,0.060499999672174454,75099,0.07000000029802322,0.061000000685453415,0.061000000685453415
07-07-2017,0.05999999865889549,0.05999999865889549,106938,0.08940000087022781,0.08234000205993652,0.08234000205993652
10-07-2017,0.07000000029802322,0.08930999785661697,163306,0.08940000087022781,0.07500000298023224,0.07500000298023224
11-07-2017,0.0694499984383583,0.07119999825954437,418412,0.08900000154972076,0.07020000368356705,0.07020000368356705
12-07-2017,0.07000000029802322,0.08174999803304672,235763,0.08925999701023102,0.07349999994039536,0.07349999994039536
13-07-2017,0.060499999672174454,0.07910999655723572,24605,0.07910999655723572,0.06499999761581421,0.06499999761581421
14-07-2017,0.060100000351667404,0.06520000100135803,134693,0.06949999928474426,0.06499999761581421,0.06499999761581421
17-07-2017,0.05999999865889549,0.062199998646974564,206882,0.06679999828338623,0.06679999828338623,0.06679999828338623
18-07-2017,0.060100000351667404,0.06989999860525131,228434,0.09000000357627869,0.07500000298023224,0.07500000298023224
19-07-2017,0.07000000029802322,0.07500000298023224,116115,0.09000000357627869,0.09000000357627869,0.09000000357627869
20-07-2017,0.07249999791383743,0.09000000357627869,136358,0.09000000357627869,0.07249999791383743,0.07249999791383743
21-07-2017,0.0731000006198883,0.07989999651908875,106584,0.09000000357627869,0.07410000264644623,0.07410000264644623
24-07-2017,0.07429999858140945,0.07989999651908875,85414,0.07999999821186066,0.07989999651908875,0.07989999651908875
25-07-2017,0.07010000199079514,0.07989999651908875,119580,0.10000000149011612,0.08775000274181366,0.08775000274181366
26-07-2017,0.07850000262260437,0.10000000149011612,38905,0.10000000149011612,0.08550000190734863,0.08550000190734863
27-07-2017,0.0820000022649765,0.08250000327825546,234397,0.10599999874830246,0.0820000022649765,0.0820000022649765
28-07-2017,0.07639999687671661,0.0794999971985817,133731,0.08900000154972076,0.07660000026226044,0.07660000026226044
31-07-2017,0.07599999755620956,0.07599999755620956,69964,0.0820000022649765,0.07800000160932541,0.07800000160932541
01-08-2017,0.07599999755620956,0.07699999958276749,43505,0.07699999958276749,0.07599999755620956,0.07599999755620956
02-08-2017,0.060499999672174454,0.07739999890327454,122013,0.07999999821186066,0.06975000351667404,0.06975000351667404
03-08-2017,0.06145000085234642,0.07400000095367432,72578,0.07400000095367432,0.07000000029802322,0.07000000029802322
04-08-2017,0.06989999860525131,0.07000000029802322,183982,0.07999999821186066,0.07824999839067459,0.07824999839067459
07-08-2017,0.060499999672174454,0.07999999821186066,153437,0.10000000149011612,0.09000000357627869,0.09000000357627869
08-08-2017,0.0714000016450882,0.09399999678134918,209319,0.09600000083446503,0.08649999648332596,0.08649999648332596
09-08-2017,0.07999999821186066,0.08590000122785568,39837,0.0949999988079071,0.0949999988079071,0.0949999988079071
10-08-2017,0.0754999965429306,0.08500000089406967,130289,0.0949999988079071,0.07999999821186066,0.07999999821186066
11-08-2017,0.07509999722242355,0.0949999988079071,113447,0.0949999988079071,0.08105000108480453,0.08105000108480453
14-08-2017,0.07050000131130219,0.10499999672174454,115240,0.10499999672174454,0.07069999724626541,0.07069999724626541
15-08-2017,0.07010000199079514,0.10000000149011612,43556,0.10000000149011612,0.07275000214576721,0.07275000214576721
16-08-2017,0.07050000131130219,0.08500000089406967,187780,0.08500000089406967,0.07100000232458115,0.07100000232458115
17-08-2017,0.07000000029802322,0.07500000298023224,109929,0.08500000089406967,0.08349999785423279,0.08349999785423279
18-08-2017,0.0807500034570694,0.09099999815225601,7886,0.09099999815225601,0.0807500034570694,0.0807500034570694
21-08-2017,0.07010000199079514,0.08025000244379044,27699,0.08500000089406967,0.08500000089406967,0.08500000089406967
22-08-2017,0.07010000199079514,0.08500000089406967,31114,0.08500000089406967,0.07010000199079514,0.07010000199079514
23-08-2017,0.07450000196695328,0.07450000196695328,43973,0.07999999821186066,0.07999999821186066,0.07999999821186066
24-08-2017,0.08179999887943268,0.08179999887943268,16579,0.08500000089406967,0.08500000089406967,0.08500000089406967
25-08-2017,0.07109999656677246,0.08500000089406967,128063,0.08500000089406967,0.07129999995231628,0.07129999995231628
28-08-2017,0.06504999846220016,0.07000000029802322,206939,0.07586999982595444,0.06504999846220016,0.06504999846220016
29-08-2017,0.06539999693632126,0.07010000199079514,20320,0.07900000363588333,0.07900000363588333,0.07900000363588333
30-08-2017,0.06599999964237213,0.0702499970793724,33546,0.07739999890327454,0.0729999989271164,0.0729999989271164
31-08-2017,0.06549999862909317,0.0729999989271164,69420,0.07320000231266022,0.0689999982714653,0.0689999982714653
01-09-2017,0.06509999930858612,0.07739999890327454,14562,0.07739999890327454,0.07599999755620956,0.07599999755620956
05-09-2017,0.07124999910593033,0.07124999910593033,1920,0.07739999890327454,0.07732000201940536,0.07732000201940536
06-09-2017,0.07000000029802322,0.07159999758005142,6572,0.0729999989271164,0.07100000232458115,0.07100000232458115
07-09-2017,0.06499999761581421,0.06499999761581421,13561,0.07729999721050262,0.0689999982714653,0.0689999982714653
08-09-2017,0.0689999982714653,0.0689999982714653,8539,0.07197000086307526,0.0689999982714653,0.0689999982714653
11-09-2017,0.06509999930858612,0.06800000369548798,82452,0.07500000298023224,0.0689999982714653,0.0689999982714653
12-09-2017,0.06549999862909317,0.07000000029802322,59466,0.07199999690055847,0.06549999862909317,0.06549999862909317
13-09-2017,0.06509999930858612,0.06509999930858612,3970,0.07779999822378159,0.07145000249147415,0.07145000249147415
14-09-2017,0.07145000249147415,0.07145000249147415,0,0.07145000249147415,0.07145000249147415,0.07145000249147415
15-09-2017,0.06499999761581421,0.06825000047683716,25527,0.07150000333786011,0.06499999761581421,0.06499999761581421
18-09-2017,0.06499999761581421,0.06499999761581421,64155,0.0729999989271164,0.07100000232458115,0.07100000232458115
19-09-2017,0.06549999862909317,0.0689999982714653,4958,0.06904999911785126,0.06904999911785126,0.06904999911785126
20-09-2017,0.06549999862909317,0.06894999742507935,4672,0.06920000165700912,0.06700000166893005,0.06700000166893005
21-09-2017,0.06800000369548798,0.06800000369548798,5257,0.06800000369548798,0.06800000369548798,0.06800000369548798
22-09-2017,0.07000000029802322,0.07000000029802322,2285,0.07289999723434448,0.07289999723434448,0.07289999723434448
25-09-2017,0.07289999723434448,0.07289999723434448,0,0.07289999723434448,0.07289999723434448,0.07289999723434448
26-09-2017,0.06549999862909317,0.06549999862909317,22608,0.0689999982714653,0.0689999982714653,0.0689999982714653
27-09-2017,0.06599999964237213,0.06700000166893005,5745,0.06700000166893005,0.06669999659061432,0.06669999659061432
28-09-2017,0.06599999964237213,0.06599999964237213,420,0.06949999928474426,0.06800000369548798,0.06800000369548798
29-09-2017,0.0689999982714653,0.0689999982714653,25287,0.0729999989271164,0.0689999982714653,0.0689999982714653
02-10-2017,0.0689999982714653,0.0689999982714653,10103,0.0689999982714653,0.0689999982714653,0.0689999982714653
03-10-2017,0.07289999723434448,0.07289999723434448,1341,0.07289999723434448,0.07289999723434448,0.07289999723434448
04-10-2017,0.06499999761581421,0.06894999742507935,4545,0.07282000035047531,0.06499999761581421,0.06499999761581421
05-10-2017,0.06499999761581421,0.06499999761581421,6611,0.07289999723434448,0.06599999964237213,0.06599999964237213
06-10-2017,0.06499999761581421,0.0689999982714653,131780,0.08500000089406967,0.07109999656677246,0.07109999656677246
09-10-2017,0.07199999690055847,0.08100000023841858,45060,0.0820000022649765,0.07199999690055847,0.07199999690055847
10-10-2017,0.07000000029802322,0.07199999690055847,21606,0.07199999690055847,0.07000000029802322,0.07000000029802322
11-10-2017,0.06809999793767929,0.0820000022649765,97343,0.0820000022649765,0.0820000022649765,0.0820000022649765
12-10-2017,0.07010000199079514,0.07604999840259552,12360,0.07604999840259552,0.07010000199079514,0.07010000199079514
13-10-2017,0.07000000029802322,0.07015000283718109,1339,0.07495000213384628,0.07495000213384628,0.07495000213384628
16-10-2017,0.07000000029802322,0.07000000029802322,5535,0.07999999821186066,0.07400000095367432,0.07400000095367432
17-10-2017,0.07000000029802322,0.07000000029802322,15400,0.0754999965429306,0.07450000196695328,0.07450000196695328
18-10-2017,0.06800000369548798,0.07355000078678131,18965,0.08100000023841858,0.07450000196695328,0.07450000196695328
19-10-2017,0.07450000196695328,0.07450000196695328,0,0.07450000196695328,0.07450000196695328,0.07450000196695328
20-10-2017,0.07460000365972519,0.07652000337839127,2250,0.08100000023841858,0.08100000023841858,0.08100000023841858
23-10-2017,0.0681999996304512,0.08100000023841858,70474,0.08100000023841858,0.07989999651908875,0.07989999651908875
24-10-2017,0.0689999982714653,0.07445000112056732,19464,0.07445000112056732,0.07445000112056732,0.07445000112056732
25-10-2017,0.07249999791383743,0.07989999651908875,16350,0.07989999651908875,0.07800000160932541,0.07800000160932541
26-10-2017,0.0681999996304512,0.07800000160932541,20405,0.07800000160932541,0.0681999996304512,0.0681999996304512
27-10-2017,0.0681999996304512,0.07999999821186066,61489,0.07999999821186066,0.0729999989271164,0.0729999989271164
30-10-2017,0.0681999996304512,0.08375000208616257,61479,0.08375000208616257,0.0681999996304512,0.0681999996304512
31-10-2017,0.0681999996304512,0.0681999996304512,1366,0.07360000163316727,0.07360000163316727,0.07360000163316727
01-11-2017,0.07000000029802322,0.07900000363588333,9018,0.07900000363588333,0.07000000029802322,0.07000000029802322
02-11-2017,0.0681999996304512,0.0681999996304512,39567,0.07900000363588333,0.0681999996304512,0.0681999996304512
03-11-2017,0.06599999964237213,0.06599999964237213,27247,0.07500000298023224,0.07500000298023224,0.07500000298023224
06-11-2017,0.06599999964237213,0.07900000363588333,14633,0.07900000363588333,0.06710000336170197,0.06710000336170197
07-11-2017,0.06849999725818634,0.06849999725818634,13009,0.07500000298023224,0.06925000250339508,0.06925000250339508
08-11-2017,0.06800000369548798,0.07000000029802322,27614,0.07500000298023224,0.07000000029802322,0.07000000029802322
09-11-2017,0.06599999964237213,0.07900000363588333,3503,0.07900000363588333,0.07500000298023224,0.07500000298023224
10-11-2017,0.06549999862909317,0.06549999862909317,8354,0.07500000298023224,0.07500000298023224,0.07500000298023224
13-11-2017,0.07490000128746033,0.07900000363588333,3750,0.07900000363588333,0.07500000298023224,0.07500000298023224
14-11-2017,0.07150000333786011,0.07500000298023224,6404,0.07500000298023224,0.07490000128746033,0.07490000128746033
15-11-2017,0.07000000029802322,0.07490000128746033,20143,0.07490000128746033,0.07490000128746033,0.07490000128746033
16-11-2017,0.06499999761581421,0.07000000029802322,22964,0.07490000128746033,0.07490000128746033,0.07490000128746033
17-11-2017,0.06499999761581421,0.07900000363588333,38877,0.07900000363588333,0.06499999761581421,0.06499999761581421
20-11-2017,0.06599999964237213,0.07479999959468842,33874,0.07500000298023224,0.06599999964237213,0.06599999964237213
21-11-2017,0.06549999862909317,0.06549999862909317,6595,0.07490000128746033,0.07240000367164612,0.07240000367164612
22-11-2017,0.06509999930858612,0.07490000128746033,23023,0.07490000128746033,0.06700000166893005,0.06700000166893005
24-11-2017,0.07100000232458115,0.07750000059604645,10464,0.07750000059604645,0.07490000128746033,0.07490000128746033
27-11-2017,0.06599999964237213,0.06599999964237213,32281,0.07500000298023224,0.06599999964237213,0.06599999964237213
28-11-2017,0.06599999964237213,0.07150000333786011,2524,0.07150000333786011,0.06599999964237213,0.06599999964237213
29-11-2017,0.07000000029802322,0.07490000128746033,8917,0.07490000128746033,0.07480999827384949,0.07480999827384949
30-11-2017,0.06859999895095825,0.07594999670982361,8108,0.07594999670982361,0.07045000046491623,0.07045000046491623
01-12-2017,0.06599999964237213,0.06599999964237213,8181,0.07045000046491623,0.07000000029802322,0.07000000029802322
04-12-2017,0.06650000065565109,0.07000000029802322,143160,0.07699999958276749,0.06800000369548798,0.06800000369548798
05-12-2017,0.06599999964237213,0.06599999964237213,10672,0.08624999970197678,0.07800000160932541,0.07800000160932541
06-12-2017,0.06599999964237213,0.06599999964237213,54952,0.07800000160932541,0.07800000160932541,0.07800000160932541
07-12-2017,0.06700000166893005,0.07800000160932541,49448,0.10649999976158142,0.08500000089406967,0.08500000089406967
08-12-2017,0.07999999821186066,0.10649999976158142,89594,0.11999999731779099,0.07999999821186066,0.07999999821186066
11-12-2017,0.07029999792575836,0.07029999792575836,146263,0.10899999737739563,0.0989999994635582,0.0989999994635582
12-12-2017,0.10100000351667404,0.10100000351667404,174171,0.11900000274181366,0.11900000274181366,0.11900000274181366
13-12-2017,0.11999999731779099,0.13500000536441803,926607,0.25,0.16990000009536743,0.16990000009536743
14-12-2017,0.12359999865293503,0.16990000009536743,165510,0.19750000536441803,0.13910000026226044,0.13910000026226044
15-12-2017,0.13905000686645508,0.15419000387191772,41308,0.1547500044107437,0.15459999442100525,0.15459999442100525
18-12-2017,0.12099999934434891,0.16500000655651093,120929,0.16500000655651093,0.13500000536441803,0.13500000536441803
19-12-2017,0.13500000536441803,0.13500000536441803,51369,0.1599999964237213,0.1599999964237213,0.1599999964237213
20-12-2017,0.12110000103712082,0.16500000655651093,80192,0.16500000655651093,0.15109999477863312,0.15109999477863312
21-12-2017,0.14000000059604645,0.15940000116825104,199190,0.18000000715255737,0.1404000073671341,0.1404000073671341
22-12-2017,0.1264999955892563,0.15805000066757202,95807,0.17000000178813934,0.14000000059604645,0.14000000059604645
26-12-2017,0.12999999523162842,0.1599999964237213,56425,0.1599999964237213,0.15000000596046448,0.15000000596046448
27-12-2017,0.13699999451637268,0.15000000596046448,169371,0.16500000655651093,0.14675000309944153,0.14675000309944153
28-12-2017,0.13899999856948853,0.17000000178813934,265735,0.1850000023841858,0.15000000596046448,0.15000000596046448
29-12-2017,0.15000000596046448,0.17499999701976776,263758,0.25999999046325684,0.24500000476837158,0.24500000476837158
02-01-2018,0.2460000067949295,0.2460000067949295,415438,0.3400000035762787,0.30000001192092896,0.30000001192092896
03-01-2018,0.32245001196861267,0.32749998569488525,549850,0.4794999957084656,0.41999998688697815,0.41999998688697815
04-01-2018,0.20200000703334808,0.46000000834465027,560093,0.4650000035762787,0.27195000648498535,0.27195000648498535
05-01-2018,0.20999999344348907,0.24009999632835388,172443,0.2874999940395355,0.2199999988079071,0.2199999988079071
08-01-2018,0.20000000298023224,0.2175000011920929,338076,0.24735000729560852,0.2199999988079071,0.2199999988079071
09-01-2018,0.20000000298023224,0.2915000021457672,76527,0.2915000021457672,0.20000000298023224,0.20000000298023224
10-01-2018,0.18000000715255737,0.2199999988079071,141925,0.2199999988079071,0.20000000298023224,0.20000000298023224
11-01-2018,0.17100000381469727,0.20104999840259552,73555,0.20104999840259552,0.17100000381469727,0.17100000381469727
12-01-2018,0.1420000046491623,0.17100000381469727,122167,0.1899999976158142,0.17000000178813934,0.17000000178813934
16-01-2018,0.16300000250339508,0.17000000178813934,80161,0.1850000023841858,0.1850000023841858,0.1850000023841858
17-01-2018,0.1599999964237213,0.1850000023841858,57756,0.1899999976158142,0.16750000417232513,0.16750000417232513
18-01-2018,0.12600000202655792,0.1599999964237213,60104,0.1899999976158142,0.1899999976158142,0.1899999976158142
19-01-2018,0.16500000655651093,0.18000000715255737,47624,0.1899999976158142,0.18975000083446503,0.18975000083446503
22-01-2018,0.16500000655651093,0.20000000298023224,42103,0.20000000298023224,0.18000000715255737,0.18000000715255737
23-01-2018,0.1472499966621399,0.1899999976158142,53390,0.1899999976158142,0.1472499966621399,0.1472499966621399
24-01-2018,0.148499995470047,0.148499995470047,145078,0.21699999272823334,0.20489999651908875,0.20489999651908875
25-01-2018,0.20999999344348907,0.20999999344348907,307679,0.2800000011920929,0.24799999594688416,0.24799999594688416
26-01-2018,0.1574999988079071,0.25999999046325684,677057,0.5199999809265137,0.3479999899864197,0.3479999899864197
29-01-2018,0.20999999344348907,0.34700000286102295,355105,0.34700000286102295,0.25999999046325684,0.25999999046325684
30-01-2018,0.2199999988079071,0.2800000011920929,117862,0.2800000011920929,0.23000000417232513,0.23000000417232513
31-01-2018,0.20000000298023224,0.23000000417232513,98672,0.23000000417232513,0.23000000417232513,0.23000000417232513
01-02-2018,0.20000000298023224,0.2549999952316284,100493,0.32989999651908875,0.2199999988079071,0.2199999988079071
02-02-2018,0.20000000298023224,0.2224999964237213,177285,0.30000001192092896,0.2199999988079071,0.2199999988079071
05-02-2018,0.20999999344348907,0.2199999988079071,34585,0.22984999418258667,0.22450000047683716,0.22450000047683716
06-02-2018,0.2199999988079071,0.2199999988079071,135278,0.3199999928474426,0.2551000118255615,0.2551000118255615
07-02-2018,0.2409999966621399,0.2549999952316284,8698,0.30000001192092896,0.24300000071525574,0.24300000071525574
08-02-2018,0.23999999463558197,0.27044999599456787,14633,0.27044999599456787,0.27000001072883606,0.27000001072883606
09-02-2018,0.23659999668598175,0.26010000705718994,67179,0.2800000011920929,0.2800000011920929,0.2800000011920929
12-02-2018,0.2500999867916107,0.2800000011920929,15230,0.30000001192092896,0.2800000011920929,0.2800000011920929
13-02-2018,0.26010000705718994,0.30000001192092896,40179,0.30000001192092896,0.2800000011920929,0.2800000011920929
14-02-2018,0.23999999463558197,0.26010000705718994,55723,0.289000004529953,0.2549999952316284,0.2549999952316284
15-02-2018,0.25,0.25,21460,0.27000001072883606,0.27000001072883606,0.27000001072883606
16-02-2018,0.25999999046325684,0.25999999046325684,33773,0.29989999532699585,0.28999999165534973,0.28999999165534973
20-02-2018,0.23999999463558197,0.28999999165534973,50851,0.28999999165534973,0.27799999713897705,0.27799999713897705
21-02-2018,0.25099998712539673,0.27799999713897705,16999,0.27799999713897705,0.25099998712539673,0.25099998712539673
22-02-2018,0.2199999988079071,0.2596000134944916,72823,0.2596000134944916,0.23080000281333923,0.23080000281333923
23-02-2018,0.210999995470047,0.22220000624656677,15036,0.23235000669956207,0.2298000007867813,0.2298000007867813
26-02-2018,0.20999999344348907,0.22040000557899475,50425,0.23739999532699585,0.23739999532699585,0.23739999532699585
27-02-2018,0.1860000044107437,0.1860000044107437,15117,0.2393999993801117,0.20600000023841858,0.20600000023841858
28-02-2018,0.19505000114440918,0.24400000274181366,56025,0.24400000274181366,0.19990000128746033,0.19990000128746033
01-03-2018,0.20000000298023224,0.21899999678134918,16470,0.21899999678134918,0.20000000298023224,0.20000000298023224
02-03-2018,0.20000000298023224,0.20000000298023224,14088,0.2198999971151352,0.2198999971151352,0.2198999971151352
05-03-2018,0.20250000059604645,0.2198999971151352,3825,0.2199999988079071,0.20499999821186066,0.20499999821186066
06-03-2018,0.1899999976158142,0.20000000298023224,15900,0.20499999821186066,0.19499999284744263,0.19499999284744263
07-03-2018,0.1899999976158142,0.1975499987602234,17054,0.20499999821186066,0.1899999976158142,0.1899999976158142
08-03-2018,0.1899999976158142,0.19009999930858612,10425,0.20499999821186066,0.19499999284744263,0.19499999284744263
09-03-2018,0.20000000298023224,0.20000000298023224,22037,0.23000000417232513,0.20499999821186066,0.20499999821186066
12-03-2018,0.2198999971151352,0.22990000247955322,87488,0.28999999165534973,0.23309999704360962,0.23309999704360962
13-03-2018,0.23199999332427979,0.2460000067949295,14029,0.25999999046325684,0.2329999953508377,0.2329999953508377
14-03-2018,0.2175000011920929,0.24500000476837158,25194,0.24500000476837158,0.2199999988079071,0.2199999988079071
15-03-2018,0.2199999988079071,0.23199999332427979,25019,0.24500000476837158,0.22110000252723694,0.22110000252723694
16-03-2018,0.22110000252723694,0.22110000252723694,8243,0.25,0.22120000422000885,0.22120000422000885
19-03-2018,0.22100000083446503,0.22120000422000885,26130,0.24979999661445618,0.2235099971294403,0.2235099971294403
20-03-2018,0.20990000665187836,0.20999999344348907,18480,0.21754999458789825,0.20990000665187836,0.20990000665187836
21-03-2018,0.19099999964237213,0.2199999988079071,13710,0.22499999403953552,0.19099999964237213,0.19099999964237213
22-03-2018,0.1899999976158142,0.19120000302791595,72282,0.2240000069141388,0.21250000596046448,0.21250000596046448
23-03-2018,0.19009999930858612,0.20100000500679016,36199,0.24490000307559967,0.24400000274181366,0.24400000274181366
26-03-2018,0.20100000500679016,0.23250000178813934,22469,0.24500000476837158,0.22294999659061432,0.22294999659061432
27-03-2018,0.1899999976158142,0.20000000298023224,93702,0.24699999392032623,0.20000000298023224,0.20000000298023224
28-03-2018,0.18559999763965607,0.1899999976158142,42813,0.2092999964952469,0.1899999976158142,0.1899999976158142
29-03-2018,0.1599999964237213,0.18559999763965607,42915,0.21199999749660492,0.16110000014305115,0.16110000014305115
02-04-2018,0.15000000596046448,0.16110000014305115,72488,0.20239999890327454,0.16500000655651093,0.16500000655651093
03-04-2018,0.16009999811649323,0.19499999284744263,29787,0.19499999284744263,0.1834000051021576,0.1834000051021576
04-04-2018,0.15000000596046448,0.1835000067949295,91802,0.1835000067949295,0.1729000061750412,0.1729000061750412
05-04-2018,0.1500999927520752,0.1500999927520752,79220,0.1777999997138977,0.16394999623298645,0.16394999623298645
06-04-2018,0.17090000212192535,0.1898999959230423,20157,0.1898999959230423,0.17890000343322754,0.17890000343322754
09-04-2018,0.15000000596046448,0.15299999713897705,28742,0.16529999673366547,0.16200000047683716,0.16200000047683716
10-04-2018,0.13099999725818634,0.15000000596046448,28569,0.1598999947309494,0.14524999260902405,0.14524999260902405
11-04-2018,0.12999999523162842,0.1428000032901764,13889,0.15000000596046448,0.12999999523162842,0.12999999523162842
12-04-2018,0.12999999523162842,0.12999999523162842,43821,0.14749999344348907,0.14749999344348907,0.14749999344348907
13-04-2018,0.14755000174045563,0.14755000174045563,56716,0.16859999299049377,0.16859999299049377,0.16859999299049377
16-04-2018,0.14800000190734863,0.20350000262260437,54987,0.20350000262260437,0.15839999914169312,0.15839999914169312
17-04-2018,0.12549999356269836,0.14499999582767487,45438,0.16300000250339508,0.1509000062942505,0.1509000062942505
18-04-2018,0.12620000541210175,0.13249999284744263,63980,0.14900000393390656,0.12620000541210175,0.12620000541210175
19-04-2018,0.11100000143051147,0.12815000116825104,75026,0.13009999692440033,0.11900000274181366,0.11900000274181366
20-04-2018,0.10530000180006027,0.13009999692440033,37774,0.13009999692440033,0.11524999886751175,0.11524999886751175
23-04-2018,0.10774999856948853,0.10774999856948853,35554,0.12999999523162842,0.12300000339746475,0.12300000339746475
24-04-2018,0.10909999907016754,0.12999999523162842,37630,0.12999999523162842,0.11739999800920486,0.11739999800920486
25-04-2018,0.10000000149011612,0.12999999523162842,95430,0.12999999523162842,0.10845000296831131,0.10845000296831131
26-04-2018,0.10000000149011612,0.11749999970197678,35390,0.11749999970197678,0.10000000149011612,0.10000000149011612
27-04-2018,0.10000000149011612,0.10000000149011612,55057,0.11739999800920486,0.11739999800920486,0.11739999800920486
30-04-2018,0.08900000154972076,0.10055000334978104,135006,0.11394999921321869,0.10899999737739563,0.10899999737739563
01-05-2018,0.09200000017881393,0.10949999839067459,40400,0.10949999839067459,0.09210000187158585,0.09210000187158585
02-05-2018,0.10000000149011612,0.10000000149011612,78707,0.11670000106096268,0.10999999940395355,0.10999999940395355
03-05-2018,0.11010000109672546,0.11010000109672546,96395,0.13300000131130219,0.11699999868869781,0.11699999868869781
04-05-2018,0.11699999868869781,0.1350499987602234,18728,0.1350499987602234,0.125,0.125
07-05-2018,0.11800000071525574,0.18000000715255737,39570,0.18000000715255737,0.11800000071525574,0.11800000071525574
08-05-2018,0.11999999731779099,0.125900000333786,3430,0.12600000202655792,0.12300000339746475,0.12300000339746475
09-05-2018,0.11710000038146973,0.1256999969482422,9800,0.125900000333786,0.125450000166893,0.125450000166893
10-05-2018,0.125,0.12524999678134918,3744,0.12999999523162842,0.1264999955892563,0.1264999955892563
11-05-2018,0.1185000017285347,0.12349999696016312,13736,0.12349999696016312,0.12250000238418579,0.12250000238418579
14-05-2018,0.11699999868869781,0.11699999868869781,14105,0.1298999935388565,0.12345000356435776,0.12345000356435776
15-05-2018,0.11699999868869781,0.12999999523162842,61327,0.13500000536441803,0.12800000607967377,0.12800000607967377
16-05-2018,0.11999999731779099,0.11999999731779099,7218,0.1274999976158142,0.1274999976158142,0.1274999976158142
17-05-2018,0.10109999775886536,0.1274999976158142,88769,0.1340000033378601,0.12999999523162842,0.12999999523162842
18-05-2018,0.1143999993801117,0.125,20422,0.13500000536441803,0.12999999523162842,0.12999999523162842
21-05-2018,0.12999999523162842,0.13500000536441803,20530,0.13500000536441803,0.12999999523162842,0.12999999523162842
22-05-2018,0.11999999731779099,0.13500000536441803,51388,0.13500000536441803,0.13300000131130219,0.13300000131130219
23-05-2018,0.11999999731779099,0.12755000591278076,30600,0.1298999935388565,0.1298999935388565,0.1298999935388565
24-05-2018,0.10839000344276428,0.11999999731779099,13780,0.1298999935388565,0.1298999935388565,0.1298999935388565
25-05-2018,0.11694999784231186,0.12999999523162842,8203,0.12999999523162842,0.1298999935388565,0.1298999935388565
29-05-2018,0.11288999766111374,0.11500000208616257,1400,0.12999999523162842,0.11288999766111374,0.11288999766111374
30-05-2018,0.10999999940395355,0.10999999940395355,12128,0.11999999731779099,0.11994999647140503,0.11994999647140503
31-05-2018,0.10999999940395355,0.11999999731779099,14988,0.1298999935388565,0.12044999748468399,0.12044999748468399
01-06-2018,0.11999999731779099,0.11999999731779099,16094,0.1298999935388565,0.1298999935388565,0.1298999935388565
04-06-2018,0.11010000109672546,0.11500000208616257,25264,0.12999999523162842,0.1289999932050705,0.1289999932050705
05-06-2018,0.11010000109672546,0.12004999816417694,6204,0.12999999523162842,0.12999999523162842,0.12999999523162842
06-06-2018,0.11999999731779099,0.12999999523162842,27384,0.12999999523162842,0.125,0.125
07-06-2018,0.10100000351667404,0.11999999731779099,34323,0.125,0.11505000293254852,0.11505000293254852
08-06-2018,0.1253100037574768,0.1289999932050705,2265,0.1289999932050705,0.1253100037574768,0.1253100037574768
11-06-2018,0.10100000351667404,0.10100000351667404,20420,0.1289999932050705,0.1151999980211258,0.1151999980211258
12-06-2018,0.10949999839067459,0.1096000000834465,23546,0.11935000121593475,0.11935000121593475,0.11935000121593475
13-06-2018,0.1096000000834465,0.11479999870061874,8992,0.1289999932050705,0.11079999804496765,0.11079999804496765
14-06-2018,0.1193000003695488,0.1193000003695488,25858,0.12999999523162842,0.12999999523162842,0.12999999523162842
15-06-2018,0.11999999731779099,0.12120000272989273,15161,0.12999999523162842,0.11999999731779099,0.11999999731779099
18-06-2018,0.11999999731779099,0.12060000002384186,5827,0.12999999523162842,0.11999999731779099,0.11999999731779099
19-06-2018,0.11100000143051147,0.11999999731779099,14397,0.12449999898672104,0.11100000143051147,0.11100000143051147
20-06-2018,0.10999999940395355,0.11225999891757965,4867,0.1289999932050705,0.10999999940395355,0.10999999940395355
21-06-2018,0.11999999731779099,0.11999999731779099,27347,0.12999999523162842,0.12999999523162842,0.12999999523162842
22-06-2018,0.11999999731779099,0.11999999731779099,9870,0.12999999523162842,0.12020000070333481,0.12020000070333481
25-06-2018,0.11479999870061874,0.11999999731779099,11847,0.12999999523162842,0.12999999523162842,0.12999999523162842
26-06-2018,0.1148499995470047,0.12999999523162842,12188,0.12999999523162842,0.1148499995470047,0.1148499995470047
27-06-2018,0.10100000351667404,0.11029999703168869,72464,0.1420000046491623,0.10100000351667404,0.10100000351667404
28-06-2018,0.11699999868869781,0.13740000128746033,2250,0.14100000262260437,0.11699999868869781,0.11699999868869781
29-06-2018,0.10100000351667404,0.1014999970793724,5949,0.11620000004768372,0.10819999873638153,0.10819999873638153
02-07-2018,0.10109999775886536,0.11590000241994858,5715,0.11590000241994858,0.10109999775886536,0.10109999775886536
03-07-2018,0.10109999775886536,0.10109999775886536,16472,0.1289999932050705,0.1185000017285347,0.1185000017285347
05-07-2018,0.1120000034570694,0.14100000262260437,18999,0.14100000262260437,0.1120000034570694,0.1120000034570694
06-07-2018,0.1272200047969818,0.1272200047969818,532,0.1272200047969818,0.1272200047969818,0.1272200047969818
09-07-2018,0.1111999973654747,0.12999999523162842,11228,0.12999999523162842,0.1111999973654747,0.1111999973654747
10-07-2018,0.1111999973654747,0.1111999973654747,22980,0.14000000059604645,0.12999999523162842,0.12999999523162842
11-07-2018,0.10999999940395355,0.12999999523162842,38334,0.12999999523162842,0.10999999940395355,0.10999999940395355
12-07-2018,0.10220000147819519,0.10999999940395355,5256,0.11155000329017639,0.10320000350475311,0.10320000350475311
13-07-2018,0.11559999734163284,0.11559999734163284,6278,0.11990000307559967,0.11990000307559967,0.11990000307559967
16-07-2018,0.10220000147819519,0.11990000307559967,11935,0.11990000307559967,0.11990000307559967,0.11990000307559967
17-07-2018,0.10750000178813934,0.10750000178813934,8378,0.11990000307559967,0.11744999885559082,0.11744999885559082
18-07-2018,0.11500000208616257,0.11744999885559082,4285,0.11744999885559082,0.11500000208616257,0.11500000208616257
19-07-2018,0.11500000208616257,0.11500000208616257,0,0.11500000208616257,0.11500000208616257,0.11500000208616257
20-07-2018,0.11100000143051147,0.11990000307559967,9258,0.11990000307559967,0.11100000143051147,0.11100000143051147
23-07-2018,0.11100000143051147,0.11100000143051147,9005,0.11545000225305557,0.11190000176429749,0.11190000176429749
24-07-2018,0.10109999775886536,0.11990000307559967,60667,0.11990000307559967,0.10199999809265137,0.10199999809265137
25-07-2018,0.10100000351667404,0.10100000351667404,1430,0.11999999731779099,0.11999999731779099,0.11999999731779099
26-07-2018,0.10999999940395355,0.11100000143051147,6135,0.11100000143051147,0.11100000143051147,0.11100000143051147
27-07-2018,0.10199999809265137,0.10199999809265137,11959,0.11999999731779099,0.10199999809265137,0.10199999809265137
30-07-2018,0.10999999940395355,0.11500000208616257,11945,0.11999999731779099,0.10999999940395355,0.10999999940395355
31-07-2018,0.10379999876022339,0.10999999940395355,3569,0.10999999940395355,0.10700000077486038,0.10700000077486038
01-08-2018,0.10499999672174454,0.10999999940395355,286,0.10999999940395355,0.10499999672174454,0.10499999672174454
02-08-2018,0.10499999672174454,0.10499999672174454,1636,0.11500000208616257,0.1054999977350235,0.1054999977350235
03-08-2018,0.10999999940395355,0.10999999940395355,1063,0.10999999940395355,0.10999999940395355,0.10999999940395355
06-08-2018,0.10199999809265137,0.11249999701976776,55770,0.11500000208616257,0.10999999940395355,0.10999999940395355
07-08-2018,0.10199999809265137,0.10599999874830246,8516,0.10599999874830246,0.10360000282526016,0.10360000282526016
08-08-2018,0.10599999874830246,0.10599999874830246,9445,0.10999999940395355,0.10599999874830246,0.10599999874830246
09-08-2018,0.10199999809265137,0.10199999809265137,3606,0.10999999940395355,0.10840000212192535,0.10840000212192535
10-08-2018,0.10599999874830246,0.10999999940395355,15662,0.11999999731779099,0.11100000143051147,0.11100000143051147
13-08-2018,0.10199999809265137,0.12999999523162842,4172,0.12999999523162842,0.10199999809265137,0.10199999809265137
14-08-2018,0.10400000214576721,0.10599999874830246,4802,0.12999999523162842,0.10400000214576721,0.10400000214576721
15-08-2018,0.10400000214576721,0.12999999523162842,10555,0.12999999523162842,0.10400000214576721,0.10400000214576721
16-08-2018,0.10199999809265137,0.10199999809265137,16270,0.14000000059604645,0.12304999679327011,0.12304999679327011
17-08-2018,0.10824999958276749,0.11100000143051147,28502,0.125,0.125,0.125
20-08-2018,0.12999999523162842,0.14000000059604645,39141,0.14000000059604645,0.14000000059604645,0.14000000059604645
21-08-2018,0.125,0.13500000536441803,55431,0.14000000059604645,0.12999999523162842,0.12999999523162842
22-08-2018,0.125,0.12999999523162842,22955,0.14000000059604645,0.125,0.125
23-08-2018,0.12999999523162842,0.13500000536441803,10453,0.13500000536441803,0.12999999523162842,0.12999999523162842
24-08-2018,0.125,0.125,3750,0.13500000536441803,0.13500000536441803,0.13500000536441803
27-08-2018,0.12200000137090683,0.13500000536441803,7940,0.14000000059604645,0.14000000059604645,0.14000000059604645
28-08-2018,0.10000000149011612,0.12200000137090683,228321,0.12200000137090683,0.10779999941587448,0.10779999941587448
29-08-2018,0.09749999642372131,0.10734999924898148,38831,0.10999999940395355,0.10999999940395355,0.10999999940395355
30-08-2018,0.09749999642372131,0.10000000149011612,195479,0.11240000277757645,0.10999999940395355,0.10999999940395355
31-08-2018,0.09009999781847,0.10000000149011612,87761,0.10530000180006027,0.10499999672174454,0.10499999672174454
04-09-2018,0.09000000357627869,0.10499999672174454,88346,0.10499999672174454,0.09000000357627869,0.09000000357627869
05-09-2018,0.08799999952316284,0.0949999988079071,28644,0.0949999988079071,0.09144999831914902,0.09144999831914902
06-09-2018,0.0860000029206276,0.08990000188350677,166480,0.09489999711513519,0.08704999834299088,0.08704999834299088
07-09-2018,0.07050000131130219,0.07050000131130219,145436,0.08810000121593475,0.07805000245571136,0.07805000245571136
10-09-2018,0.07010000199079514,0.07900000363588333,33884,0.08749999850988388,0.07999999821186066,0.07999999821186066
11-09-2018,0.08699999749660492,0.08799999952316284,62533,0.10000000149011612,0.08699999749660492,0.08699999749660492
12-09-2018,0.08455999940633774,0.09009999781847,78801,0.09950000047683716,0.09950000047683716,0.09950000047683716
13-09-2018,0.07182999700307846,0.09950000047683716,124328,0.09989999979734421,0.07500000298023224,0.07500000298023224
14-09-2018,0.07000000029802322,0.0860000029206276,230959,0.0860000029206276,0.07530000060796738,0.07530000060796738
17-09-2018,0.07845000177621841,0.07959999889135361,44555,0.0864500030875206,0.0864500030875206,0.0864500030875206
18-09-2018,0.07329999655485153,0.08990000188350677,105569,0.08990000188350677,0.07615000009536743,0.07615000009536743
19-09-2018,0.07900000363588333,0.07900000363588333,58684,0.09459999948740005,0.09459999948740005,0.09459999948740005
20-09-2018,0.07349999994039536,0.08829999715089798,267840,0.0949999988079071,0.07400000095367432,0.07400000095367432
21-09-2018,0.07339999824762344,0.07720000296831131,30250,0.08070000261068344,0.0794999971985817,0.0794999971985817
24-09-2018,0.07339999824762344,0.09210000187158585,41642,0.09399999678134918,0.08038000017404556,0.08038000017404556
25-09-2018,0.07649999856948853,0.07874000072479248,27885,0.0794999971985817,0.07649999856948853,0.07649999856948853
26-09-2018,0.07000000029802322,0.07410000264644623,275293,0.07500000298023224,0.07320000231266022,0.07320000231266022
27-09-2018,0.0714000016450882,0.0714000016450882,46784,0.08739999681711197,0.08739999681711197,0.08739999681711197
28-09-2018,0.06859999895095825,0.07999999821186066,234648,0.07999999821186066,0.07020000368356705,0.07020000368356705
01-10-2018,0.07699999958276749,0.09735000133514404,56619,0.09735000133514404,0.08848000317811966,0.08848000317811966
02-10-2018,0.08250000327825546,0.08980000019073486,13715,0.08980000019073486,0.08980000019073486,0.08980000019073486
03-10-2018,0.07989999651908875,0.0949999988079071,232315,0.0949999988079071,0.07999999821186066,0.07999999821186066
04-10-2018,0.08500000089406967,0.08500000089406967,5070,0.08500000089406967,0.08500000089406967,0.08500000089406967
05-10-2018,0.07000000029802322,0.08990000188350677,235448,0.08990000188350677,0.07649999856948853,0.07649999856948853
08-10-2018,0.07150000333786011,0.09000000357627869,19908,0.09000000357627869,0.07590000331401825,0.07590000331401825
09-10-2018,0.07479999959468842,0.08950000256299973,28509,0.08950000256299973,0.08150000125169754,0.08150000125169754
10-10-2018,0.06599999964237213,0.07999999821186066,118670,0.07999999821186066,0.06804999709129333,0.06804999709129333
11-10-2018,0.0689999982714653,0.0689999982714653,29710,0.07989999651908875,0.07989999651908875,0.07989999651908875
12-10-2018,0.05999999865889549,0.07999999821186066,243260,0.08980000019073486,0.06599999964237213,0.06599999964237213
15-10-2018,0.06549999862909317,0.06549999862909317,47755,0.07500000298023224,0.07169999927282333,0.07169999927282333
16-10-2018,0.05429999902844429,0.07000000029802322,239923,0.07479999959468842,0.07100000232458115,0.07100000232458115
17-10-2018,0.06440000236034393,0.07660000026226044,15440,0.08980000019073486,0.06750000268220901,0.06750000268220901
18-10-2018,0.054999999701976776,0.07000000029802322,259995,0.07000000029802322,0.06650000065565109,0.06650000065565109
19-10-2018,0.05999999865889549,0.05999999865889549,5530,0.0649000033736229,0.0649000033736229,0.0649000033736229
22-10-2018,0.05040000006556511,0.07000000029802322,346416,0.07000000029802322,0.05829999968409538,0.05829999968409538
23-10-2018,0.05169999971985817,0.057500001043081284,45360,0.05979999899864197,0.053199999034404755,0.053199999034404755
24-10-2018,0.051500000059604645,0.051600001752376556,13956,0.05990000069141388,0.051500000059604645,0.051500000059604645
25-10-2018,0.051500000059604645,0.051500000059604645,15364,0.05999999865889549,0.05420000106096268,0.05420000106096268
26-10-2018,0.05999999865889549,0.06960000097751617,23302,0.06970000267028809,0.05999999865889549,0.05999999865889549
29-10-2018,0.05999999865889549,0.06046000123023987,25810,0.0689999982714653,0.060100000351667404,0.060100000351667404
30-10-2018,0.060100000351667404,0.060100000351667404,25434,0.06849999725818634,0.06710000336170197,0.06710000336170197
31-10-2018,0.060100000351667404,0.06350000202655792,47957,0.06524000316858292,0.06524000316858292,0.06524000316858292
01-11-2018,0.060100000351667404,0.06521999835968018,4500,0.06521999835968018,0.060100000351667404,0.060100000351667404
02-11-2018,0.054999999701976776,0.060100000351667404,122415,0.060100000351667404,0.054999999701976776,0.054999999701976776
05-11-2018,0.05000000074505806,0.06324999779462814,413504,0.06700000166893005,0.05719999969005585,0.05719999969005585
06-11-2018,0.05000000074505806,0.06949999928474426,169149,0.06949999928474426,0.05400000140070915,0.05400000140070915
07-11-2018,0.05249999836087227,0.0697999969124794,72819,0.0697999969124794,0.06369999796152115,0.06369999796152115
08-11-2018,0.03759999945759773,0.03759999945759773,42084,0.06400000303983688,0.06120000034570694,0.06120000034570694
09-11-2018,0.05000000074505806,0.06159999966621399,137952,0.0625,0.057500001043081284,0.057500001043081284
12-11-2018,0.040300000458955765,0.05000000074505806,197184,0.05009999871253967,0.04500000178813934,0.04500000178813934
13-11-2018,0.03920000046491623,0.06400000303983688,249029,0.06400000303983688,0.03920000046491623,0.03920000046491623
14-11-2018,0.020099999383091927,0.03799999877810478,98728,0.03999999910593033,0.030050000175833702,0.030050000175833702
15-11-2018,0.029999999329447746,0.044599998742341995,136581,0.05889999866485596,0.031099999323487282,0.031099999323487282
16-11-2018,0.030050000175833702,0.030050000175833702,102135,0.05169999971985817,0.048900000751018524,0.048900000751018524
19-11-2018,0.03099999949336052,0.03099999949336052,6200,0.051600001752376556,0.051600001752376556,0.051600001752376556
20-11-2018,0.03150000050663948,0.051600001752376556,16692,0.051600001752376556,0.051600001752376556,0.051600001752376556
21-11-2018,0.05000000074505806,0.051600001752376556,12000,0.051600001752376556,0.05000000074505806,0.05000000074505806
23-11-2018,0.025100000202655792,0.042500000447034836,153632,0.042500000447034836,0.04235000163316727,0.04235000163316727
26-11-2018,0.028999999165534973,0.04100000113248825,177396,0.04544999822974205,0.03909999877214432,0.03909999877214432
27-11-2018,0.027650000527501106,0.027650000527501106,139032,0.04171999916434288,0.032430000603199005,0.032430000603199005
28-11-2018,0.019999999552965164,0.02930000051856041,255880,0.03999999910593033,0.03269999846816063,0.03269999846816063
29-11-2018,0.029999999329447746,0.029999999329447746,53465,0.04960000142455101,0.03319999948143959,0.03319999948143959
30-11-2018,0.03099999949336052,0.04194999858736992,36219,0.04194999858736992,0.03889999911189079,0.03889999911189079
03-12-2018,0.03060000017285347,0.04500000178813934,40928,0.048900000751018524,0.03060000017285347,0.03060000017285347
04-12-2018,0.035999998450279236,0.03660000115633011,6141,0.03660000115633011,0.035999998450279236,0.035999998450279236
06-12-2018,0.027000000700354576,0.031300000846385956,167175,0.0328500010073185,0.02800000086426735,0.02800000086426735
07-12-2018,0.025499999523162842,0.0377499982714653,185907,0.0377499982714653,0.02850000001490116,0.02850000001490116
10-12-2018,0.02199999988079071,0.03500000014901161,279890,0.03500000014901161,0.027799999341368675,0.027799999341368675
11-12-2018,0.02199999988079071,0.027499999850988388,117635,0.027499999850988388,0.022549999877810478,0.022549999877810478
12-12-2018,0.027400000020861626,0.029899999499320984,418745,0.03375000134110451,0.029899999499320984,0.029899999499320984
13-12-2018,0.03009999915957451,0.03099999949336052,375627,0.03790000081062317,0.03272999823093414,0.03272999823093414
14-12-2018,0.02597999945282936,0.048700001090765,115503,0.048700001090765,0.02597999945282936,0.02597999945282936
17-12-2018,0.026000000536441803,0.04740000143647194,198657,0.04740000143647194,0.029899999499320984,0.029899999499320984
18-12-2018,0.023099999874830246,0.023099999874830246,108151,0.039900001138448715,0.03500000014901161,0.03500000014901161
19-12-2018,0.029999999329447746,0.03999999910593033,177690,0.05000000074505806,0.029999999329447746,0.029999999329447746
20-12-2018,0.029999999329447746,0.03009999915957451,60950,0.039400000125169754,0.03689999878406525,0.03689999878406525
21-12-2018,0.031199999153614044,0.04010000079870224,220790,0.04879999905824661,0.031199999153614044,0.031199999153614044
24-12-2018,0.029999999329447746,0.031199999153614044,62228,0.033900000154972076,0.033900000154972076,0.033900000154972076
26-12-2018,0.025100000202655792,0.02800000086426735,163839,0.03449999913573265,0.029999999329447746,0.029999999329447746
27-12-2018,0.02954000048339367,0.03099999949336052,124969,0.03530000150203705,0.02954000048339367,0.02954000048339367
28-12-2018,0.02500000037252903,0.02500000037252903,114400,0.03350000083446503,0.03350000083446503,0.03350000083446503
31-12-2018,0.03200000151991844,0.039900001138448715,177332,0.03999999910593033,0.03970000147819519,0.03970000147819519
02-01-2019,0.022199999541044235,0.039900001138448715,159274,0.039900001138448715,0.03200000151991844,0.03200000151991844
03-01-2019,0.029999999329447746,0.033250000327825546,87115,0.034299999475479126,0.03099999949336052,0.03099999949336052
04-01-2019,0.02370000071823597,0.031300000846385956,70088,0.031599998474121094,0.031599998474121094,0.031599998474121094
07-01-2019,0.029999999329447746,0.03880000114440918,121166,0.03889999911189079,0.03500000014901161,0.03500000014901161
08-01-2019,0.03009999915957451,0.037450000643730164,140333,0.037450000643730164,0.03395000100135803,0.03395000100135803
09-01-2019,0.02500000037252903,0.039000000804662704,150728,0.039000000804662704,0.03480000048875809,0.03480000048875809
10-01-2019,0.02800000086426735,0.03480000048875809,85027,0.03480000048875809,0.03319999948143959,0.03319999948143959
11-01-2019,0.02800000086426735,0.02800000086426735,106578,0.034299999475479126,0.033399999141693115,0.033399999141693115
14-01-2019,0.029999999329447746,0.0348999984562397,127667,0.0348999984562397,0.032999999821186066,0.032999999821186066
15-01-2019,0.027499999850988388,0.03310000151395798,158764,0.03310000151395798,0.02800000086426735,0.02800000086426735
16-01-2019,0.029999999329447746,0.03359999880194664,193424,0.03359999880194664,0.03189999982714653,0.03189999982714653
17-01-2019,0.028999999165534973,0.03400000184774399,109500,0.03400000184774399,0.028999999165534973,0.028999999165534973
18-01-2019,0.028999999165534973,0.06300000101327896,166337,0.06300000101327896,0.032999999821186066,0.032999999821186066
22-01-2019,0.026000000536441803,0.032999999821186066,302569,0.03999999910593033,0.029999999329447746,0.029999999329447746
23-01-2019,0.026000000536441803,0.028999999165534973,248815,0.029999999329447746,0.02800000086426735,0.02800000086426735
24-01-2019,0.02410000003874302,0.02850000001490116,22507,0.028999999165534973,0.02410000003874302,0.02410000003874302
25-01-2019,0.024000000208616257,0.0348999984562397,93944,0.0348999984562397,0.026499999687075615,0.026499999687075615
28-01-2019,0.024000000208616257,0.024000000208616257,135958,0.03189999982714653,0.02785000018775463,0.02785000018775463
29-01-2019,0.020099999383091927,0.02449999935925007,382424,0.03200000151991844,0.029899999499320984,0.029899999499320984
30-01-2019,0.02710000053048134,0.039900001138448715,201132,0.039900001138448715,0.0272000003606081,0.0272000003606081
31-01-2019,0.026000000536441803,0.028599999845027924,285582,0.03370000049471855,0.03240000084042549,0.03240000084042549
01-02-2019,0.02800000086426735,0.029999999329447746,135551,0.03280000016093254,0.029999999329447746,0.029999999329447746
04-02-2019,0.027000000700354576,0.03500000014901161,113962,0.03500000014901161,0.029999999329447746,0.029999999329447746
05-02-2019,0.02500000037252903,0.02734999917447567,111607,0.02879999950528145,0.02776000089943409,0.02776000089943409
06-02-2019,0.021199999377131462,0.021199999377131462,189535,0.03175000101327896,0.027799999341368675,0.027799999341368675
07-02-2019,0.02500000037252903,0.029999999329447746,139161,0.029999999329447746,0.025200000032782555,0.025200000032782555
08-02-2019,0.023000000044703484,0.029999999329447746,139308,0.029999999329447746,0.029899999499320984,0.029899999499320984
11-02-2019,0.023000000044703484,0.032999999821186066,145304,0.032999999821186066,0.025849999859929085,0.025849999859929085
12-02-2019,0.025459999218583107,0.025459999218583107,36409,0.02879999950528145,0.02879999950528145,0.02879999950528145
13-02-2019,0.023000000044703484,0.029899999499320984,86967,0.029899999499320984,0.02590000070631504,0.02590000070631504
14-02-2019,0.020999999716877937,0.020999999716877937,267228,0.028200000524520874,0.02800000086426735,0.02800000086426735
15-02-2019,0.020999999716877937,0.02865999937057495,250431,0.02879999950528145,0.024000000208616257,0.024000000208616257
19-02-2019,0.022700000554323196,0.06390000134706497,379019,0.06390000134706497,0.025800000876188278,0.025800000876188278
20-02-2019,0.02199999988079071,0.02500000037252903,146239,0.027499999850988388,0.02199999988079071,0.02199999988079071
21-02-2019,0.020999999716877937,0.027899999171495438,214583,0.027899999171495438,0.023800000548362732,0.023800000548362732
22-02-2019,0.020999999716877937,0.02879999950528145,165002,0.02879999950528145,0.020999999716877937,0.020999999716877937
25-02-2019,0.019999999552965164,0.024800000712275505,198732,0.025599999353289604,0.025599999353289604,0.025599999353289604
26-02-2019,0.021199999377131462,0.02630000002682209,319945,0.027000000700354576,0.027000000700354576,0.027000000700354576
27-02-2019,0.024000000208616257,0.027000000700354576,69316,0.027000000700354576,0.024000000208616257,0.024000000208616257
28-02-2019,0.024000000208616257,0.02500000037252903,42108,0.026900000870227814,0.024250000715255737,0.024250000715255737
01-03-2019,0.020099999383091927,0.027000000700354576,288808,0.027000000700354576,0.02199999988079071,0.02199999988079071
04-03-2019,0.020099999383091927,0.022700000554323196,179679,0.023900000378489494,0.021549999713897705,0.021549999713897705
05-03-2019,0.019999999552965164,0.023000000044703484,279587,0.027000000700354576,0.027000000700354576,0.027000000700354576
06-03-2019,0.019999999552965164,0.026499999687075615,353560,0.026499999687075615,0.024700000882148743,0.024700000882148743
07-03-2019,0.020999999716877937,0.023000000044703484,138307,0.024000000208616257,0.023900000378489494,0.023900000378489494
08-03-2019,0.019999999552965164,0.023900000378489494,232283,0.023900000378489494,0.02370000071823597,0.02370000071823597
11-03-2019,0.014999999664723873,0.014999999664723873,146240,0.024000000208616257,0.019600000232458115,0.019600000232458115
12-03-2019,0.019600000232458115,0.021050000563263893,55715,0.02199999988079071,0.019600000232458115,0.019600000232458115
13-03-2019,0.01979999989271164,0.019999999552965164,149605,0.021900000050663948,0.021900000050663948,0.021900000050663948
14-03-2019,0.019600000232458115,0.02250000089406967,83010,0.02250000089406967,0.020549999549984932,0.020549999549984932
15-03-2019,0.017999999225139618,0.017999999225139618,76566,0.020600000396370888,0.019540000706911087,0.019540000706911087
18-03-2019,0.019999999552965164,0.023000000044703484,123430,0.023000000044703484,0.02199999988079071,0.02199999988079071
19-03-2019,0.01899999938905239,0.023000000044703484,101689,0.023000000044703484,0.020749999210238457,0.020749999210238457
20-03-2019,0.015200000256299973,0.02250000089406967,215422,0.02250000089406967,0.019999999552965164,0.019999999552965164
21-03-2019,0.019999999552965164,0.019999999552965164,19500,0.020749999210238457,0.019999999552965164,0.019999999552965164
22-03-2019,0.017999999225139618,0.017999999225139618,92329,0.021900000050663948,0.019999999552965164,0.019999999552965164
25-03-2019,0.014999999664723873,0.02199999988079071,138600,0.02199999988079071,0.019759999588131905,0.019759999588131905
26-03-2019,0.014999999664723873,0.021900000050663948,236607,0.021900000050663948,0.021800000220537186,0.021800000220537186
27-03-2019,0.015200000256299973,0.021900000050663948,183915,0.021900000050663948,0.020899999886751175,0.020899999886751175
28-03-2019,0.014999999664723873,0.019899999722838402,307294,0.02250000089406967,0.016499999910593033,0.016499999910593033
29-03-2019,0.017000000923871994,0.017000000923871994,53529,0.020500000566244125,0.01875000074505806,0.01875000074505806
01-04-2019,0.017400000244379044,0.017400000244379044,71236,0.020999999716877937,0.020999999716877937,0.020999999716877937
02-04-2019,0.01549999974668026,0.01549999974668026,173561,0.019999999552965164,0.017500000074505806,0.017500000074505806
03-04-2019,0.014999999664723873,0.017500000074505806,228303,0.01899999938905239,0.01899999938905239,0.01899999938905239
04-04-2019,0.009999999776482582,0.01899999938905239,355303,0.01899999938905239,0.017000000923871994,0.017000000923871994
05-04-2019,0.014999999664723873,0.017000000923871994,130377,0.017249999567866325,0.01549999974668026,0.01549999974668026
08-04-2019,0.010999999940395355,0.014750000089406967,342697,0.01590000092983246,0.013899999670684338,0.013899999670684338
09-04-2019,0.012000000104308128,0.01209999993443489,150431,0.01496999990195036,0.013749999925494194,0.013749999925494194
10-04-2019,0.013000000268220901,0.013000000268220901,38945,0.014999999664723873,0.013000000268220901,0.013000000268220901
11-04-2019,0.010999999940395355,0.014999999664723873,128708,0.014999999664723873,0.011500000022351742,0.011500000022351742
12-04-2019,0.010200000368058681,0.013249999843537807,471605,0.013500000350177288,0.010999999940395355,0.010999999940395355
15-04-2019,0.010599999688565731,0.010999999940395355,118133,0.014000000432133675,0.012299999594688416,0.012299999594688416
16-04-2019,0.009800000116229057,0.010999999940395355,254604,0.014000000432133675,0.012000000104308128,0.012000000104308128
17-04-2019,0.009800000116229057,0.011900000274181366,251305,0.013000000268220901,0.011900000274181366,0.011900000274181366
18-04-2019,0.011900000274181366,0.014000000432133675,375899,0.017000000923871994,0.013700000010430813,0.013700000010430813
22-04-2019,0.010999999940395355,0.02199999988079071,278982,0.02199999988079071,0.013249999843537807,0.013249999843537807
23-04-2019,0.010999999940395355,0.01590000092983246,208313,0.01590000092983246,0.010999999940395355,0.010999999940395355
24-04-2019,0.010999999940395355,0.010999999940395355,164375,0.010999999940395355,0.010999999940395355,0.010999999940395355
25-04-2019,0.010999999940395355,0.011500000022351742,89273,0.014800000004470348,0.014100000262260437,0.014100000262260437
26-04-2019,0.012000000104308128,0.014000000432133675,36191,0.014000000432133675,0.014000000432133675,0.014000000432133675
29-04-2019,0.010999999940395355,0.012000000104308128,38112,0.014100000262260437,0.011500000022351742,0.011500000022351742
30-04-2019,0.009999999776482582,0.01600000075995922,216896,0.01600000075995922,0.01269999984651804,0.01269999984651804
01-05-2019,0.013000000268220901,0.014999999664723873,68100,0.014999999664723873,0.013779999688267708,0.013779999688267708
02-05-2019,0.010999999940395355,0.012000000104308128,120614,0.013799999840557575,0.013500000350177288,0.013500000350177288
03-05-2019,0.009999999776482582,0.009999999776482582,170562,0.014999999664723873,0.010999999940395355,0.010999999940395355
06-05-2019,0.012500000186264515,0.014999999664723873,203542,0.014999999664723873,0.013000000268220901,0.013000000268220901
07-05-2019,0.010999999940395355,0.010999999940395355,250407,0.014499999582767487,0.014499999582767487,0.014499999582767487
08-05-2019,0.010999999940395355,0.014010000042617321,184258,0.014499999582767487,0.010999999940395355,0.010999999940395355
09-05-2019,0.010099999606609344,0.011099999770522118,433813,0.012199999764561653,0.010900000110268593,0.010900000110268593
10-05-2019,0.010300000198185444,0.010300000198185444,211845,0.01140000019222498,0.01140000019222498,0.01140000019222498
13-05-2019,0.009499999694526196,0.010700000450015068,1456854,0.011500000022351742,0.009850000031292439,0.009850000031292439
14-05-2019,0.009100000374019146,0.009499999694526196,1635241,0.010599999688565731,0.00913000013679266,0.00913000013679266
15-05-2019,0.007019999902695417,0.009399999864399433,1603068,0.009399999864399433,0.007499999832361937,0.007499999832361937
16-05-2019,0.007000000216066837,0.007699999958276749,612676,0.008700000122189522,0.007899999618530273,0.007899999618530273
17-05-2019,0.007000000216066837,0.008999999612569809,1234724,0.013000000268220901,0.012400000356137753,0.012400000356137753
20-05-2019,0.007499999832361937,0.01075000036507845,4290716,0.012400000356137753,0.008999999612569809,0.008999999612569809
21-05-2019,0.007550000213086605,0.008960000239312649,924721,0.008960000239312649,0.007600000128149986,0.007600000128149986
22-05-2019,0.006800000090152025,0.0076500000432133675,861308,0.008500000461935997,0.006800000090152025,0.006800000090152025
23-05-2019,0.006500000134110451,0.006800000090152025,773798,0.00749000022187829,0.006599999964237213,0.006599999964237213
24-05-2019,0.006300000008195639,0.007000000216066837,5054981,0.00839999970048666,0.007799999788403511,0.007799999788403511
28-05-2019,0.0066999997943639755,0.007799999788403511,835526,0.00839999970048666,0.0066999997943639755,0.0066999997943639755
29-05-2019,0.0066999997943639755,0.0066999997943639755,268000,0.009999999776482582,0.009800000116229057,0.009800000116229057
30-05-2019,0.007199999876320362,0.009999999776482582,759773,0.009999999776482582,0.007400000002235174,0.007400000002235174
31-05-2019,0.0066999997943639755,0.009399999864399433,449001,0.009399999864399433,0.007699999958276749,0.007699999958276749
03-06-2019,0.006200000178068876,0.007699999958276749,5848849,0.007699999958276749,0.006500000134110451,0.006500000134110451
04-06-2019,0.005499999970197678,0.006500000134110451,5819839,0.007000000216066837,0.00559999980032444,0.00559999980032444
05-06-2019,0.005499999970197678,0.006000000052154064,803454,0.006000000052154064,0.005499999970197678,0.005499999970197678
06-06-2019,0.005100000184029341,0.006099999882280827,3896045,0.006200000178068876,0.006000000052154064,0.006000000052154064
07-06-2019,0.0044999998062849045,0.005499999970197678,5504898,0.005499999970197678,0.005400000140070915,0.005400000140070915
10-06-2019,0.00419999985024333,0.005150000099092722,1886027,0.005400000140070915,0.004900000058114529,0.004900000058114529
11-06-2019,0.00279999990016222,0.0044999998062849045,11977482,0.0044999998062849045,0.004399999976158142,0.004399999976158142
12-06-2019,0.0035000001080334187,0.004000000189989805,9251283,0.005200000014156103,0.004999999888241291,0.004999999888241291
13-06-2019,0.004100000020116568,0.005499999970197678,10341035,0.005499999970197678,0.004100000020116568,0.004100000020116568
14-06-2019,0.0031999999191612005,0.004399999976158142,14006690,0.004399999976158142,0.003800000064074993,0.003800000064074993
17-06-2019,0.002099999925121665,0.003700000001117587,36108995,0.003700000001117587,0.002400000113993883,0.002400000113993883
18-06-2019,0.0020000000949949026,0.0024999999441206455,13447785,0.0024999999441206455,0.002400000113993883,0.002400000113993883
19-06-2019,0.0019000000320374966,0.0026000000070780516,14942040,0.0026000000070780516,0.002099999925121665,0.002099999925121665
20-06-2019,0.0015999999595806003,0.0019000000320374966,16034794,0.0019000000320374966,0.0017999999690800905,0.0017999999690800905
21-06-2019,0.0015999999595806003,0.0017999999690800905,6147007,0.0020000000949949026,0.0020000000949949026,0.0020000000949949026
24-06-2019,0.0017000000225380063,0.0020000000949949026,2315726,0.0020000000949949026,0.0020000000949949026,0.0020000000949949026
25-06-2019,0.0020000000949949026,0.0020000000949949026,32445486,0.003000000026077032,0.00279999990016222,0.00279999990016222
26-06-2019,0.0017999999690800905,0.00279999990016222,13674764,0.003000000026077032,0.0019099999917671084,0.0019099999917671084
27-06-2019,0.0017000000225380063,0.0017000000225380063,2131955,0.002300000051036477,0.002199999988079071,0.002199999988079071
28-06-2019,0.0017999999690800905,0.002199999988079071,1979009,0.002199999988079071,0.002199999988079071,0.002199999988079071
01-07-2019,0.0015999999595806003,0.0020000000949949026,15803419,0.002199999988079071,0.0017000000225380063,0.0017000000225380063
02-07-2019,0.0015999999595806003,0.0017000000225380063,36746908,0.002400000113993883,0.002099999925121665,0.002099999925121665
03-07-2019,0.0017999999690800905,0.0020000000949949026,11328931,0.002400000113993883,0.002199999988079071,0.002199999988079071
05-07-2019,0.0020000000949949026,0.0023499999660998583,11564810,0.002400000113993883,0.0020000000949949026,0.0020000000949949026
08-07-2019,0.0017000000225380063,0.0020000000949949026,27657320,0.002300000051036477,0.0017999999690800905,0.0017999999690800905
09-07-2019,0.001500000013038516,0.0017000000225380063,29481444,0.0017999999690800905,0.001500000013038516,0.001500000013038516
10-07-2019,0.0013000000035390258,0.001500000013038516,6760888,0.0017000000225380063,0.0015999999595806003,0.0015999999595806003
11-07-2019,0.0013000000035390258,0.001500000013038516,12686209,0.0015999999595806003,0.001500000013038516,0.001500000013038516
12-07-2019,0.0012000000569969416,0.001500000013038516,7916383,0.001500000013038516,0.0013000000035390258,0.0013000000035390258
15-07-2019,0.0013000000035390258,0.0013000000035390258,726706,0.0015999999595806003,0.0015999999595806003,0.0015999999595806003
16-07-2019,0.0012799999676644802,0.0015999999595806003,16595243,0.002300000051036477,0.002099999925121665,0.002099999925121665
17-07-2019,0.002199999988079071,0.002199999988079071,84988516,0.005100000184029341,0.0032999999821186066,0.0032999999821186066
18-07-2019,0.002400000113993883,0.0031999999191612005,30945065,0.003800000064074993,0.0026000000070780516,0.0026000000070780516
19-07-2019,0.0019000000320374966,0.0027000000700354576,16043886,0.0027000000700354576,0.002300000051036477,0.002300000051036477
22-07-2019,0.0019000000320374966,0.002400000113993883,8766396,0.002400000113993883,0.0019000000320374966,0.0019000000320374966
23-07-2019,0.0017000000225380063,0.0020000000949949026,47348294,0.003700000001117587,0.0035000001080334187,0.0035000001080334187
24-07-2019,0.0024999999441206455,0.0035000001080334187,83321921,0.006599999964237213,0.003100000089034438,0.003100000089034438
25-07-2019,0.0024999999441206455,0.0031999999191612005,17810107,0.003599999938160181,0.003000000026077032,0.003000000026077032
26-07-2019,0.0035000001080334187,0.003599999938160181,50396493,0.005200000014156103,0.004000000189989805,0.004000000189989805
29-07-2019,0.002899999963119626,0.004149999935179949,25150544,0.00419999985024333,0.002899999963119626,0.002899999963119626
30-07-2019,0.0026000000070780516,0.002899999963119626,14200954,0.0034000000450760126,0.002899999963119626,0.002899999963119626
31-07-2019,0.0026000000070780516,0.003000000026077032,6660672,0.0034000000450760126,0.003000000026077032,0.003000000026077032
01-08-2019,0.002099999925121665,0.0024999999441206455,16046461,0.002899999963119626,0.002199999988079071,0.002199999988079071
02-08-2019,0.0019000000320374966,0.002300000051036477,13660484,0.002400000113993883,0.002099999925121665,0.002099999925121665
05-08-2019,0.0020000000949949026,0.002300000051036477,8675888,0.0024999999441206455,0.002199999988079071,0.002199999988079071
06-08-2019,0.0019000000320374966,0.002099999925121665,10661717,0.002199999988079071,0.0019000000320374966,0.0019000000320374966
07-08-2019,0.0019000000320374966,0.0019000000320374966,2410200,0.002099999925121665,0.0020000000949949026,0.0020000000949949026
08-08-2019,0.0017000000225380063,0.002300000051036477,11610139,0.002300000051036477,0.0017000000225380063,0.0017000000225380063
09-08-2019,0.0015999999595806003,0.0019000000320374966,9842282,0.0019000000320374966,0.0015999999595806003,0.0015999999595806003
12-08-2019,0.001500000013038516,0.0015999999595806003,7898933,0.0017000000225380063,0.001500000013038516,0.001500000013038516
13-08-2019,0.001500000013038516,0.001500000013038516,15154801,0.002400000113993883,0.002199999988079071,0.002199999988079071
14-08-2019,0.002099999925121665,0.0024999999441206455,20680513,0.003100000089034438,0.002099999925121665,0.002099999925121665
15-08-2019,0.0019000000320374966,0.002400000113993883,8386333,0.002400000113993883,0.002199999988079071,0.002199999988079071
16-08-2019,0.0016499999910593033,0.002199999988079071,18056921,0.002199999988079071,0.0017999999690800905,0.0017999999690800905
19-08-2019,0.0015999999595806003,0.0020000000949949026,11577663,0.0020000000949949026,0.0017000000225380063,0.0017000000225380063
20-08-2019,0.00139999995008111,0.0017000000225380063,25012710,0.0017999999690800905,0.0017000000225380063,0.0017000000225380063
21-08-2019,0.001500000013038516,0.001500000013038516,5506548,0.0017999999690800905,0.0017999999690800905,0.0017999999690800905
22-08-2019,0.0015999999595806003,0.0017999999690800905,6433835,0.0017999999690800905,0.0015999999595806003,0.0015999999595806003
23-08-2019,0.001500000013038516,0.0016299999551847577,8540492,0.0017000000225380063,0.0015999999595806003,0.0015999999595806003
26-08-2019,0.0013000000035390258,0.0017000000225380063,6958172,0.0017000000225380063,0.00139999995008111,0.00139999995008111
27-08-2019,0.00139999995008111,0.0015999999595806003,7064700,0.0017000000225380063,0.001500000013038516,0.001500000013038516
28-08-2019,0.0013000000035390258,0.00139999995008111,7599426,0.001500000013038516,0.00139999995008111,0.00139999995008111
29-08-2019,0.001500000013038516,0.001550000044517219,56209704,0.002199999988079071,0.0017000000225380063,0.0017000000225380063
30-08-2019,0.001500000013038516,0.0015999999595806003,73108066,0.002400000113993883,0.0019000000320374966,0.0019000000320374966
03-09-2019,0.0017000000225380063,0.0019000000320374966,101708329,0.00279999990016222,0.002300000051036477,0.002300000051036477
04-09-2019,0.0020000000949949026,0.0024999999441206455,83122313,0.0034000000450760126,0.002899999963119626,0.002899999963119626
05-09-2019,0.0024999999441206455,0.002899999963119626,47990953,0.003599999938160181,0.0027000000700354576,0.0027000000700354576
06-09-2019,0.0023300000466406345,0.00279999990016222,73493773,0.003800000064074993,0.003700000001117587,0.003700000001117587
09-09-2019,0.002899999963119626,0.003599999938160181,57150914,0.004399999976158142,0.002899999963119626,0.002899999963119626
10-09-2019,0.0024999999441206455,0.0026000000070780516,36182104,0.0031999999191612005,0.0026000000070780516,0.0026000000070780516
11-09-2019,0.002300000051036477,0.00279999990016222,15769784,0.00279999990016222,0.002300000051036477,0.002300000051036477
12-09-2019,0.0019000000320374966,0.0024999999441206455,31072485,0.0026000000070780516,0.0019499999471008778,0.0019499999471008778
13-09-2019,0.0019000000320374966,0.002099999925121665,16300777,0.002099999925121665,0.0020000000949949026,0.0020000000949949026
16-09-2019,0.0017999999690800905,0.0020000000949949026,26010129,0.002099999925121665,0.001990000018849969,0.001990000018849969
17-09-2019,0.0017999999690800905,0.0020000000949949026,6683642,0.0020000000949949026,0.0017999999690800905,0.0017999999690800905
18-09-2019,0.0015999999595806003,0.0017999999690800905,14271705,0.0019000000320374966,0.0017999999690800905,0.0017999999690800905
19-09-2019,0.0015999999595806003,0.0015999999595806003,10278398,0.0020000000949949026,0.0017999999690800905,0.0017999999690800905
20-09-2019,0.0016499999910593033,0.0018500000005587935,6775365,0.0018500000005587935,0.0017999999690800905,0.0017999999690800905
23-09-2019,0.0015999999595806003,0.0017000000225380063,5798233,0.0017999999690800905,0.0017000000225380063,0.0017000000225380063
24-09-2019,0.001500000013038516,0.0017000000225380063,21991194,0.0018500000005587935,0.0015999999595806003,0.0015999999595806003
25-09-2019,0.0007999999797903001,0.001500000013038516,89681836,0.001500000013038516,0.0010000000474974513,0.0010000000474974513
26-09-2019,0.0008999999845400453,0.0010000000474974513,18005662,0.0010999999940395355,0.0008999999845400453,0.0008999999845400453
27-09-2019,0.0008999999845400453,0.0008999999845400453,15875200,0.0010999999940395355,0.0008999999845400453,0.0008999999845400453
30-09-2019,0.0007999999797903001,0.0010000000474974513,8404376,0.0010000000474974513,0.0010000000474974513,0.0010000000474974513
01-10-2019,0.0008999999845400453,0.0008999999845400453,4889116,0.0010000000474974513,0.0008999999845400453,0.0008999999845400453
02-10-2019,0.0007999999797903001,0.0007999999797903001,15392814,0.0008999999845400453,0.0007999999797903001,0.0007999999797903001
03-10-2019,0.0006000000284984708,0.0008999999845400453,34025470,0.0008999999845400453,0.000699999975040555,0.000699999975040555
04-10-2019,0.0006000000284984708,0.000699999975040555,22213765,0.0007999999797903001,0.0006000000284984708,0.0006000000284984708
07-10-2019,0.000750000006519258,0.0007999999797903001,18653623,0.0008999999845400453,0.0008399999933317304,0.0008399999933317304
08-10-2019,0.000699999975040555,0.0009500000160187483,25108991,0.0009500000160187483,0.0007999999797903001,0.0007999999797903001
09-10-2019,0.0006000000284984708,0.0007399999885819852,6869355,0.0007999999797903001,0.000699999975040555,0.000699999975040555
10-10-2019,0.0006000000284984708,0.000699999975040555,2762361,0.0007999999797903001,0.000750000006519258,0.000750000006519258
11-10-2019,0.0013000000035390258,0.001500000013038516,237276750,0.002099999925121665,0.0019000000320374966,0.0019000000320374966
14-10-2019,0.0012000000569969416,0.0019000000320374966,60423264,0.0019000000320374966,0.0013000000035390258,0.0013000000035390258
15-10-2019,0.0010000000474974513,0.0012000000569969416,26459455,0.0013000000035390258,0.0010999999940395355,0.0010999999940395355
16-10-2019,0.0007999999797903001,0.0012499999720603228,134195838,0.0013000000035390258,0.0008999999845400453,0.0008999999845400453
17-10-2019,0.0007999999797903001,0.0008999999845400453,46920262,0.0010000000474974513,0.0010000000474974513,0.0010000000474974513
18-10-2019,0.0007999999797903001,0.0010000000474974513,44709750,0.0010999999940395355,0.0010999999940395355,0.0010999999940395355
21-10-2019,0.0008500000112690032,0.0010999999940395355,35765835,0.0012000000569969416,0.0008999999845400453,0.0008999999845400453
22-10-2019,0.0007999999797903001,0.0008999999845400453,7702377,0.0010000000474974513,0.0007999999797903001,0.0007999999797903001
23-10-2019,0.0007999999797903001,0.0010000000474974513,20917144,0.0010000000474974513,0.0008999999845400453,0.0008999999845400453
24-10-2019,0.0007999999797903001,0.0008999999845400453,22511553,0.0008999999845400453,0.0007999999797903001,0.0007999999797903001
25-10-2019,0.000699999975040555,0.0008399999933317304,3334844,0.0008399999933317304,0.0007999999797903001,0.0007999999797903001
28-10-2019,0.000699999975040555,0.0007999999797903001,2119409,0.0007999999797903001,0.0007999999797903001,0.0007999999797903001
29-10-2019,0.0006000000284984708,0.0007999999797903001,21510037,0.0007999999797903001,0.0006000000284984708,0.0006000000284984708
30-10-2019,0.0006000000284984708,0.0007999999797903001,6190166,0.0007999999797903001,0.0007999999797903001,0.0007999999797903001
31-10-2019,0.0006000000284984708,0.0007999999797903001,8731675,0.0007999999797903001,0.0007999999797903001,0.0007999999797903001
01-11-2019,0.0006000000284984708,0.0006000000284984708,12546002,0.0007999999797903001,0.000699999975040555,0.000699999975040555
04-11-2019,0.0007999999797903001,0.0008999999845400453,159169164,0.0015999999595806003,0.0012000000569969416,0.0012000000569969416
05-11-2019,0.0007999999797903001,0.0010999999940395355,52067052,0.00139999995008111,0.0007999999797903001,0.0007999999797903001
06-11-2019,0.000699999975040555,0.0008999999845400453,33450625,0.0008999999845400453,0.0008999999845400453,0.0008999999845400453
07-11-2019,0.0007999999797903001,0.0007999999797903001,3149600,0.0008999999845400453,0.0007999999797903001,0.0007999999797903001
08-11-2019,0.000699999975040555,0.0007999999797903001,849190,0.0008999999845400453,0.0008200000156648457,0.0008200000156648457
11-11-2019,0.0007999999797903001,0.0007999999797903001,5324330,0.0008999999845400453,0.0008999999845400453,0.0008999999845400453
12-11-2019,0.0007999999797903001,0.0008399999933317304,6617888,0.0008999999845400453,0.0007999999797903001,0.0007999999797903001
13-11-2019,0.000699999975040555,0.000699999975040555,8327816,0.0007999999797903001,0.0007999999797903001,0.0007999999797903001
14-11-2019,0.000699999975040555,0.000750000006519258,3095794,0.0008999999845400453,0.0007999999797903001,0.0007999999797903001
15-11-2019,0.000699999975040555,0.0008999999845400453,3087999,0.0008999999845400453,0.0007999999797903001,0.0007999999797903001
18-11-2019,0.000750000006519258,0.0008999999845400453,4888799,0.0008999999845400453,0.0008999999845400453,0.0008999999845400453
19-11-2019,0.0007999999797903001,0.0008999999845400453,1275731,0.0008999999845400453,0.0007999999797903001,0.0007999999797903001
20-11-2019,0.0007999999797903001,0.0008399999933317304,3166911,0.0008999999845400453,0.0008399999933317304,0.0008399999933317304
21-11-2019,0.0007999999797903001,0.0008999999845400453,1250424,0.0008999999845400453,0.0007999999797903001,0.0007999999797903001
22-11-2019,0.000699999975040555,0.0007999999797903001,3838930,0.0008999999845400453,0.0007999999797903001,0.0007999999797903001
25-11-2019,0.000699999975040555,0.000699999975040555,9451030,0.0008999999845400453,0.000699999975040555,0.000699999975040555
26-11-2019,0.000699999975040555,0.0007999999797903001,1532373,0.0008999999845400453,0.000699999975040555,0.000699999975040555
27-11-2019,0.000699999975040555,0.000699999975040555,1139681,0.0008999999845400453,0.0008500000112690032,0.0008500000112690032
29-11-2019,0.000699999975040555,0.000750000006519258,2862675,0.0008999999845400453,0.000699999975040555,0.000699999975040555
02-12-2019,0.000699999975040555,0.0008999999845400453,4697045,0.0008999999845400453,0.0007999999797903001,0.0007999999797903001
03-12-2019,0.000699999975040555,0.0007999999797903001,4005198,0.0008999999845400453,0.000699999975040555,0.000699999975040555
04-12-2019,0.000699999975040555,0.000699999975040555,1451989,0.0007999999797903001,0.000699999975040555,0.000699999975040555
05-12-2019,0.000699999975040555,0.0008999999845400453,69444318,0.0012000000569969416,0.0010000000474974513,0.0010000000474974513
06-12-2019,0.0007999999797903001,0.0010999999940395355,77913061,0.0010999999940395355,0.0007999999797903001,0.0007999999797903001
09-12-2019,0.000750000006519258,0.0008999999845400453,81865996,0.0010000000474974513,0.0008999999845400453,0.0008999999845400453
10-12-2019,0.000699999975040555,0.0008999999845400453,19242479,0.0008999999845400453,0.000699999975040555,0.000699999975040555
11-12-2019,0.000699999975040555,0.0007999999797903001,28147121,0.0008999999845400453,0.0008999999845400453,0.0008999999845400453
12-12-2019,0.000699999975040555,0.0008999999845400453,19415243,0.0008999999845400453,0.0007999999797903001,0.0007999999797903001
13-12-2019,0.000699999975040555,0.0007999999797903001,2441244,0.0007999999797903001,0.0007999999797903001,0.0007999999797903001
16-12-2019,0.000750000006519258,0.0007999999797903001,6966857,0.0007999999797903001,0.000750000006519258,0.000750000006519258
17-12-2019,0.0006500000017695129,0.0007999999797903001,48665027,0.0007999999797903001,0.000699999975040555,0.000699999975040555
18-12-2019,0.0006000000284984708,0.000699999975040555,6195788,0.000699999975040555,0.0006000000284984708,0.0006000000284984708
19-12-2019,0.0006000000284984708,0.0007999999797903001,15481313,0.0007999999797903001,0.000699999975040555,0.000699999975040555
20-12-2019,0.0006500000017695129,0.000699999975040555,7642022,0.0007999999797903001,0.000699999975040555,0.000699999975040555
23-12-2019,0.0006000000284984708,0.0007999999797903001,7774282,0.0007999999797903001,0.000750000006519258,0.000750000006519258
24-12-2019,0.0006000000284984708,0.000699999975040555,1875898,0.0007999999797903001,0.0007999999797903001,0.0007999999797903001
26-12-2019,0.0006000000284984708,0.0007999999797903001,89709911,0.0007999999797903001,0.000699999975040555,0.000699999975040555
27-12-2019,0.0005000000237487257,0.000699999975040555,65341583,0.000699999975040555,0.000699999975040555,0.000699999975040555
30-12-2019,0.0005000000237487257,0.000699999975040555,36106917,0.000699999975040555,0.0006000000284984708,0.0006000000284984708
31-12-2019,0.0006000000284984708,0.000699999975040555,2294397,0.000699999975040555,0.000699999975040555,0.000699999975040555
02-01-2020,0.0006000000284984708,0.000699999975040555,8254643,0.000699999975040555,0.000699999975040555,0.000699999975040555
03-01-2020,0.0006000000284984708,0.000699999975040555,1752476,0.000699999975040555,0.000699999975040555,0.000699999975040555
06-01-2020,0.0005000000237487257,0.000699999975040555,6399273,0.000699999975040555,0.0006000000284984708,0.0006000000284984708
07-01-2020,0.0005000000237487257,0.000699999975040555,3028015,0.000699999975040555,0.0006000000284984708,0.0006000000284984708
08-01-2020,0.0005000000237487257,0.000699999975040555,4251794,0.000699999975040555,0.0006000000284984708,0.0006000000284984708
09-01-2020,0.0005000000237487257,0.0006000000284984708,7309349,0.000699999975040555,0.0006000000284984708,0.0006000000284984708
10-01-2020,0.0005000000237487257,0.0005000000237487257,85973789,0.0008999999845400453,0.0007999999797903001,0.0007999999797903001
13-01-2020,0.000699999975040555,0.0008999999845400453,90960048,0.0010000000474974513,0.0007999999797903001,0.0007999999797903001
14-01-2020,0.000699999975040555,0.0008999999845400453,9771384,0.0008999999845400453,0.000699999975040555,0.000699999975040555
15-01-2020,0.0006000000284984708,0.000699999975040555,17413313,0.0007999999797903001,0.000699999975040555,0.000699999975040555
16-01-2020,0.0006000000284984708,0.0007999999797903001,3233529,0.0007999999797903001,0.000699999975040555,0.000699999975040555
17-01-2020,0.000699999975040555,0.0007999999797903001,12294612,0.0007999999797903001,0.000699999975040555,0.000699999975040555
21-01-2020,0.000699999975040555,0.0007999999797903001,2684835,0.0007999999797903001,0.000699999975040555,0.000699999975040555
22-01-2020,0.000699999975040555,0.000699999975040555,4524219,0.0007999999797903001,0.0007999999797903001,0.0007999999797903001
23-01-2020,0.000699999975040555,0.0007999999797903001,9258785,0.0007999999797903001,0.000699999975040555,0.000699999975040555
24-01-2020,0.000699999975040555,0.0007999999797903001,19632596,0.0008999999845400453,0.0007999999797903001,0.0007999999797903001
27-01-2020,0.0007999999797903001,0.0008999999845400453,17268298,0.0008999999845400453,0.0007999999797903001,0.0007999999797903001
28-01-2020,0.0007999999797903001,0.0008999999845400453,7937721,0.0008999999845400453,0.0008999999845400453,0.0008999999845400453
29-01-2020,0.000699999975040555,0.0007999999797903001,4906613,0.0008999999845400453,0.0007999999797903001,0.0007999999797903001
30-01-2020,0.000699999975040555,0.000699999975040555,1126268,0.0007999999797903001,0.0007999999797903001,0.0007999999797903001
31-01-2020,0.000699999975040555,0.0007999999797903001,12745399,0.0007999999797903001,0.0007999999797903001,0.0007999999797903001
03-02-2020,0.0006000000284984708,0.000699999975040555,15695196,0.0007999999797903001,0.0006000000284984708,0.0006000000284984708
04-02-2020,0.0006000000284984708,0.000699999975040555,40310854,0.0007999999797903001,0.0007999999797903001,0.0007999999797903001
05-02-2020,0.000699999975040555,0.0007999999797903001,6822749,0.0007999999797903001,0.0007999999797903001,0.0007999999797903001
06-02-2020,0.000699999975040555,0.0007200000109151006,3513872,0.0007999999797903001,0.0007999999797903001,0.0007999999797903001
07-02-2020,0.0006000000284984708,0.0007999999797903001,4103540,0.0007999999797903001,0.000699999975040555,0.000699999975040555
10-02-2020,0.0006000000284984708,0.0006000000284984708,2432008,0.000699999975040555,0.000699999975040555,0.000699999975040555
11-02-2020,0.0006000000284984708,0.0006000000284984708,5394277,0.000699999975040555,0.000699999975040555,0.000699999975040555
12-02-2020,0.0006000000284984708,0.0006000000284984708,585301,0.000699999975040555,0.0006000000284984708,0.0006000000284984708
13-02-2020,0.0006000000284984708,0.000699999975040555,2980630,0.000699999975040555,0.000699999975040555,0.000699999975040555
14-02-2020,0.0006000000284984708,0.000699999975040555,1763897,0.000699999975040555,0.000699999975040555,0.000699999975040555
18-02-2020,0.0006000000284984708,0.000699999975040555,2735599,0.0007999999797903001,0.000699999975040555,0.000699999975040555
19-02-2020,0.0006000000284984708,0.0006500000017695129,4213863,0.0007999999797903001,0.0007999999797903001,0.0007999999797903001
20-02-2020,0.0006000000284984708,0.0006500000017695129,1579387,0.000699999975040555,0.0006000000284984708,0.0006000000284984708
21-02-2020,0.0006000000284984708,0.0006000000284984708,2235517,0.000699999975040555,0.000699999975040555,0.000699999975040555
24-02-2020,0.0006000000284984708,0.000699999975040555,4586828,0.000699999975040555,0.000699999975040555,0.000699999975040555
25-02-2020,0.0005000000237487257,0.000699999975040555,35012338,0.000699999975040555,0.0006000000284984708,0.0006000000284984708
26-02-2020,0.0005000000237487257,0.000699999975040555,7661569,0.000699999975040555,0.0006000000284984708,0.0006000000284984708
27-02-2020,0.0005000000237487257,0.0006000000284984708,4305145,0.000699999975040555,0.0006000000284984708,0.0006000000284984708
28-02-2020,0.0005000000237487257,0.0005000000237487257,4310235,0.0006000000284984708,0.0006000000284984708,0.0006000000284984708
02-03-2020,0.0005000000237487257,0.0006000000284984708,4821762,0.0006000000284984708,0.0006000000284984708,0.0006000000284984708
03-03-2020,0.0005000000237487257,0.0005000000237487257,6991649,0.0006000000284984708,0.0006000000284984708,0.0006000000284984708
04-03-2020,0.0005000000237487257,0.0005799999926239252,4219997,0.0006000000284984708,0.0006000000284984708,0.0006000000284984708
05-03-2020,0.0006000000284984708,0.0006000000284984708,0,0.0006000000284984708,0.0006000000284984708,0.0006000000284984708
06-03-2020,0.0005000000237487257,0.0006000000284984708,5097739,0.0006000000284984708,0.0006000000284984708,0.0006000000284984708
09-03-2020,0.0005000000237487257,0.0006000000284984708,6179718,0.0006000000284984708,0.0005000000237487257,0.0005000000237487257
10-03-2020,0.00039999998989515007,0.0005000000237487257,12804341,0.0006000000284984708,0.00039999998989515007,0.00039999998989515007
11-03-2020,0.00039999998989515007,0.0005000000237487257,4214052,0.0005000000237487257,0.0005000000237487257,0.0005000000237487257
12-03-2020,0.00039999998989515007,0.0004799999878741801,1802245,0.0005000000237487257,0.0004900000058114529,0.0004900000058114529
13-03-2020,0.00039999998989515007,0.00044999999227002263,533394,0.0005000000237487257,0.0005000000237487257,0.0005000000237487257
16-03-2020,0.00039999998989515007,0.00039999998989515007,1939879,0.0005000000237487257,0.0005000000237487257,0.0005000000237487257
17-03-2020,0.0003000000142492354,0.0005000000237487257,22439327,0.0005000000237487257,0.00039999998989515007,0.00039999998989515007
18-03-2020,0.0003000000142492354,0.00039999998989515007,5132362,0.00039999998989515007,0.00039999998989515007,0.00039999998989515007
19-03-2020,0.0003000000142492354,0.0003000000142492354,2042508,0.00039999998989515007,0.00039999998989515007,0.00039999998989515007
20-03-2020,0.0003000000142492354,0.00039999998989515007,64578944,0.0005000000237487257,0.00039999998989515007,0.00039999998989515007
23-03-2020,0.0003000000142492354,0.00039999998989515007,17214405,0.00039999998989515007,0.0003000000142492354,0.0003000000142492354
24-03-2020,0.00019999999494757503,0.0003000000142492354,6118691,0.0003000000142492354,0.0003000000142492354,0.0003000000142492354
25-03-2020,0.0003000000142492354,0.0003000000142492354,1915531,0.0003000000142492354,0.0003000000142492354,0.0003000000142492354
26-03-2020,0.00019999999494757503,0.00019999999494757503,4053766,0.0003000000142492354,0.0003000000142492354,0.0003000000142492354
27-03-2020,0.00019999999494757503,0.0003000000142492354,4243541,0.0003000000142492354,0.0003000000142492354,0.0003000000142492354
30-03-2020,0.00019999999494757503,0.0002500000118743628,3548300,0.0003000000142492354,0.0003000000142492354,0.0003000000142492354
31-03-2020,0.0002500000118743628,0.0003000000142492354,13827466,0.0003000000142492354,0.0003000000142492354,0.0003000000142492354
01-04-2020,0.0002500000118743628,0.0003000000142492354,104727993,0.0005000000237487257,0.0005000000237487257,0.0005000000237487257
02-04-2020,0.0003000000142492354,0.0006000000284984708,41382454,0.0006000000284984708,0.00039999998989515007,0.00039999998989515007
03-04-2020,0.0002500000118743628,0.0003000000142492354,54476102,0.00039999998989515007,0.0003000000142492354,0.0003000000142492354
06-04-2020,0.00019999999494757503,0.0003000000142492354,4667866,0.0003000000142492354,0.0002800000074785203,0.0002800000074785203
07-04-2020,0.00019999999494757503,0.0003000000142492354,7555292,0.0003000000142492354,0.0002500000118743628,0.0002500000118743628
08-04-2020,0.00019999999494757503,0.0003000000142492354,5498473,0.0003000000142492354,0.00019999999494757503,0.00019999999494757503
09-04-2020,0.00019999999494757503,0.0003000000142492354,16750084,0.0003000000142492354,0.0003000000142492354,0.0003000000142492354
13-04-2020,0.0002500000118743628,0.0003000000142492354,60386191,0.00039999998989515007,0.00039999998989515007,0.00039999998989515007
14-04-2020,0.0003000000142492354,0.00039999998989515007,27540178,0.00039999998989515007,0.0003000000142492354,0.0003000000142492354
15-04-2020,0.00019999999494757503,0.0003000000142492354,49153816,0.00039999998989515007,0.0003000000142492354,0.0003000000142492354
16-04-2020,0.0003000000142492354,0.0003000000142492354,29945551,0.00039999998989515007,0.00039999998989515007,0.00039999998989515007
17-04-2020,0.0003000000142492354,0.00039999998989515007,4389007,0.00039999998989515007,0.00039999998989515007,0.00039999998989515007
20-04-2020,0.0002500000118743628,0.00039999998989515007,80688046,0.00039999998989515007,0.0003000000142492354,0.0003000000142492354
21-04-2020,0.0003000000142492354,0.0003000000142492354,11410040,0.0003499999875202775,0.0003000000142492354,0.0003000000142492354
22-04-2020,0.00019999999494757503,0.0003000000142492354,5236194,0.0003000000142492354,0.0003000000142492354,0.0003000000142492354
23-04-2020,0.0003000000142492354,0.0003000000142492354,6262513,0.0003000000142492354,0.0003000000142492354,0.0003000000142492354
24-04-2020,0.0003000000142492354,0.0003000000142492354,158370712,0.0005000000237487257,0.00039999998989515007,0.00039999998989515007
27-04-2020,0.00019999999494757503,0.00039999998989515007,160264833,0.00039999998989515007,0.0003000000142492354,0.0003000000142492354
28-04-2020,0.00019999999494757503,0.0003000000142492354,13910725,0.0003000000142492354,0.0003000000142492354,0.0003000000142492354
29-04-2020,0.00019999999494757503,0.00019999999494757503,11697729,0.0003000000142492354,0.0003000000142492354,0.0003000000142492354
30-04-2020,0.00019999999494757503,0.0003000000142492354,10021240,0.0003000000142492354,0.0003000000142492354,0.0003000000142492354
01-05-2020,0.00019999999494757503,0.0003000000142492354,5085677,0.0003000000142492354,0.0003000000142492354,0.0003000000142492354
04-05-2020,0.00019999999494757503,0.0003000000142492354,6864154,0.0003000000142492354,0.00019999999494757503,0.00019999999494757503
05-05-2020,0.00019999999494757503,0.0003000000142492354,4591635,0.0003000000142492354,0.0002899999963119626,0.0002899999963119626
06-05-2020,0.00019999999494757503,0.0003000000142492354,6390767,0.0003000000142492354,0.0003000000142492354,0.0003000000142492354
07-05-2020,0.0002500000118743628,0.0003000000142492354,18429127,0.0003499999875202775,0.0003000000142492354,0.0003000000142492354
08-05-2020,0.00019999999494757503,0.0003000000142492354,6839842,0.0003000000142492354,0.0003000000142492354,0.0003000000142492354
11-05-2020,0.0001900000061141327,0.0003000000142492354,94994476,0.0003000000142492354,0.0003000000142492354,0.0003000000142492354
12-05-2020,0.00019999999494757503,0.0003000000142492354,131691083,0.0003000000142492354,0.0003000000142492354,0.0003000000142492354
13-05-2020,0.00019999999494757503,0.0003000000142492354,3120099,0.0003000000142492354,0.0003000000142492354,0.0003000000142492354
14-05-2020,0.00019999999494757503,0.0003000000142492354,2721591,0.0003000000142492354,0.0003000000142492354,0.0003000000142492354
15-05-2020,0.00019999999494757503,0.0003000000142492354,54427360,0.0003000000142492354,0.0003000000142492354,0.0003000000142492354
18-05-2020,9.999999747378752e-05,0.00019999999494757503,73895459,0.0003000000142492354,0.0002500000118743628,0.0002500000118743628
19-05-2020,0.00019999999494757503,0.00019999999494757503,37059721,0.0003000000142492354,0.0002500000118743628,0.0002500000118743628
20-05-2020,0.00019999999494757503,0.00019999999494757503,40155028,0.0003000000142492354,0.0003000000142492354,0.0003000000142492354
21-05-2020,9.999999747378752e-05,0.00019999999494757503,114911596,0.0003000000142492354,0.0003000000142492354,0.0003000000142492354
22-05-2020,9.999999747378752e-05,0.00019999999494757503,136297495,0.0003000000142492354,0.0003000000142492354,0.0003000000142492354
26-05-2020,0.0002500000118743628,0.0003000000142492354,610772156,0.0006000000284984708,0.0005000000237487257,0.0005000000237487257
27-05-2020,0.00039999998989515007,0.00039999998989515007,901691676,0.002099999925121665,0.0020000000949949026,0.0020000000949949026
28-05-2020,0.0024999999441206455,0.0026000000070780516,863047927,0.006200000178068876,0.004000000189989805,0.004000000189989805
29-05-2020,0.0026000000070780516,0.004100000020116568,446705382,0.005499999970197678,0.003000000026077032,0.003000000026077032
01-06-2020,0.003000000026077032,0.0031999999191612005,220434719,0.004100000020116568,0.0035000001080334187,0.0035000001080334187
02-06-2020,0.0035000001080334187,0.0044999998062849045,192609078,0.004900000058114529,0.0038999998942017555,0.0038999998942017555
03-06-2020,0.004000000189989805,0.004800000227987766,145939716,0.005400000140070915,0.004600000102072954,0.004600000102072954
04-06-2020,0.003000000026077032,0.004800000227987766,161985740,0.005400000140070915,0.003800000064074993,0.003800000064074993
05-06-2020,0.003100000089034438,0.004699999932199717,116469051,0.004699999932199717,0.0034000000450760126,0.0034000000450760126
08-06-2020,0.0026000000070780516,0.00279999990016222,116907507,0.004000000189989805,0.002899999963119626,0.002899999963119626
09-06-2020,0.0019499999471008778,0.0027000000700354576,162201814,0.003000000026077032,0.002300000051036477,0.002300000051036477
10-06-2020,0.0026000000070780516,0.00279999990016222,191898129,0.004000000189989805,0.0032999999821186066,0.0032999999821186066
11-06-2020,0.0026000000070780516,0.003100000089034438,62249639,0.0035000001080334187,0.00279999990016222,0.00279999990016222
12-06-2020,0.002400000113993883,0.002950000111013651,96656429,0.003000000026077032,0.0026000000070780516,0.0026000000070780516
15-06-2020,0.002199999988079071,0.0026499999221414328,58973951,0.00279999990016222,0.0026000000070780516,0.0026000000070780516
16-06-2020,0.0015999999595806003,0.0027000000700354576,92635159,0.0027000000700354576,0.002099999925121665,0.002099999925121665
17-06-2020,0.001500000013038516,0.002199999988079071,70705184,0.002199999988079071,0.0017999999690800905,0.0017999999690800905
18-06-2020,0.001500000013038516,0.0019000000320374966,50056870,0.0019499999471008778,0.0017000000225380063,0.0017000000225380063
19-06-2020,0.0017999999690800905,0.0019000000320374966,44639822,0.0026000000070780516,0.002099999925121665,0.002099999925121665
22-06-2020,0.0015999999595806003,0.0017999999690800905,21839516,0.0022499999031424522,0.0019000000320374966,0.0019000000320374966
23-06-2020,0.0016899999463930726,0.0018500000005587935,23685508,0.0020000000949949026,0.0017999999690800905,0.0017999999690800905
24-06-2020,0.001500000013038516,0.0017999999690800905,44426532,0.0019000000320374966,0.0015999999595806003,0.0015999999595806003
25-06-2020,0.00139999995008111,0.001500000013038516,37687382,0.0017000000225380063,0.001500000013038516,0.001500000013038516
26-06-2020,0.00139999995008111,0.0015999999595806003,31204517,0.0019000000320374966,0.0019000000320374966,0.0019000000320374966
29-06-2020,0.00139999995008111,0.0018500000005587935,34820400,0.002199999988079071,0.0017999999690800905,0.0017999999690800905
30-06-2020,0.001550000044517219,0.0017999999690800905,12713145,0.002099999925121665,0.0017999999690800905,0.0017999999690800905
01-07-2020,0.0015999999595806003,0.0017999999690800905,8789520,0.0019000000320374966,0.0017000000225380063,0.0017000000225380063
02-07-2020,0.0015999999595806003,0.0017000000225380063,23990013,0.0019000000320374966,0.0019000000320374966,0.0019000000320374966
06-07-2020,0.001500000013038516,0.0019000000320374966,36886815,0.0019000000320374966,0.0015899999998509884,0.0015899999998509884
07-07-2020,0.001500000013038516,0.0017000000225380063,11872954,0.0017000000225380063,0.0015999999595806003,0.0015999999595806003
08-07-2020,0.001500000013038516,0.001500000013038516,17394348,0.0017000000225380063,0.0015999999595806003,0.0015999999595806003
09-07-2020,0.001500000013038516,0.0015999999595806003,12048040,0.0017999999690800905,0.0015999999595806003,0.0015999999595806003
10-07-2020,0.001500000013038516,0.0017000000225380063,18195001,0.0017000000225380063,0.001550000044517219,0.001550000044517219
13-07-2020,0.0012000000569969416,0.001500000013038516,25759339,0.001550000044517219,0.00139999995008111,0.00139999995008111
14-07-2020,0.0010999999940395355,0.00139999995008111,25608623,0.0015999999595806003,0.00139999995008111,0.00139999995008111
15-07-2020,0.0012000000569969416,0.00139999995008111,18372424,0.001500000013038516,0.00139999995008111,0.00139999995008111
16-07-2020,0.0013000000035390258,0.0015999999595806003,22763892,0.0017000000225380063,0.0015999999595806003,0.0015999999595806003
17-07-2020,0.00139999995008111,0.00139999995008111,21603732,0.0017999999690800905,0.0016499999910593033,0.0016499999910593033
20-07-2020,0.001500000013038516,0.0017000000225380063,8607908,0.0017999999690800905,0.0015999999595806003,0.0015999999595806003
21-07-2020,0.00139999995008111,0.001550000044517219,19699474,0.0017000000225380063,0.00139999995008111,0.00139999995008111
22-07-2020,0.00139999995008111,0.0015999999595806003,3017664,0.0015999999595806003,0.00139999995008111,0.00139999995008111
23-07-2020,0.0013000000035390258,0.00139999995008111,12235547,0.0015999999595806003,0.00139999995008111,0.00139999995008111
24-07-2020,0.00139999995008111,0.001500000013038516,6591899,0.001500000013038516,0.00139999995008111,0.00139999995008111
27-07-2020,0.0013000000035390258,0.0014400000218302011,11509077,0.001500000013038516,0.00139999995008111,0.00139999995008111
28-07-2020,0.0013000000035390258,0.001500000013038516,30201385,0.0017999999690800905,0.0017999999690800905,0.0017999999690800905
29-07-2020,0.001449999981559813,0.0017999999690800905,14031630,0.0018500000005587935,0.0017000000225380063,0.0017000000225380063
30-07-2020,0.001500000013038516,0.0017000000225380063,4615077,0.0017000000225380063,0.0015999999595806003,0.0015999999595806003
31-07-2020,0.00139999995008111,0.001500000013038516,14161110,0.0017000000225380063,0.0015999999595806003,0.0015999999595806003
03-08-2020,0.0013000000035390258,0.0015999999595806003,29632480,0.0015999999595806003,0.0013000000035390258,0.0013000000035390258
04-08-2020,0.0013000000035390258,0.001500000013038516,7636134,0.001500000013038516,0.00139999995008111,0.00139999995008111
05-08-2020,0.0013000000035390258,0.00139999995008111,15708720,0.001500000013038516,0.00139999995008111,0.00139999995008111
06-08-2020,0.0013000000035390258,0.001500000013038516,4213988,0.001500000013038516,0.00139999995008111,0.00139999995008111
07-08-2020,0.0013000000035390258,0.001500000013038516,8359549,0.001500000013038516,0.001500000013038516,0.001500000013038516
10-08-2020,0.00139999995008111,0.001500000013038516,4820182,0.001500000013038516,0.00139999995008111,0.00139999995008111
11-08-2020,0.00139999995008111,0.001500000013038516,36079462,0.0015999999595806003,0.001500000013038516,0.001500000013038516
12-08-2020,0.0013899999903514981,0.0015999999595806003,7199508,0.0015999999595806003,0.001449999981559813,0.001449999981559813
13-08-2020,0.0013000000035390258,0.0013000000035390258,5393187,0.0015999999595806003,0.00139999995008111,0.00139999995008111
14-08-2020,0.0013000000035390258,0.001500000013038516,18916221,0.001500000013038516,0.00139999995008111,0.00139999995008111
17-08-2020,0.0012000000569969416,0.0013000000035390258,10621423,0.001500000013038516,0.0013000000035390258,0.0013000000035390258
18-08-2020,0.0012000000569969416,0.00139999995008111,5405415,0.00139999995008111,0.00139999995008111,0.00139999995008111
19-08-2020,0.0012000000569969416,0.00139999995008111,5926978,0.00139999995008111,0.0013500000350177288,0.0013500000350177288
20-08-2020,0.0012000000569969416,0.0013000000035390258,7713055,0.00139999995008111,0.0013000000035390258,0.0013000000035390258
21-08-2020,0.0010999999940395355,0.0013000000035390258,14437746,0.0013500000350177288,0.0013000000035390258,0.0013000000035390258
24-08-2020,0.0010999999940395355,0.0010999999940395355,16719614,0.0013000000035390258,0.0013000000035390258,0.0013000000035390258
25-08-2020,0.0010999999940395355,0.0013000000035390258,2143106,0.0013000000035390258,0.0012000000569969416,0.0012000000569969416
26-08-2020,0.0012000000569969416,0.0013000000035390258,7109023,0.0013000000035390258,0.0012000000569969416,0.0012000000569969416
27-08-2020,0.0012000000569969416,0.0012400000123307109,4736561,0.00139999995008111,0.00139999995008111,0.00139999995008111
28-08-2020,0.0012000000569969416,0.0012499999720603228,7612034,0.00139999995008111,0.0012000000569969416,0.0012000000569969416
31-08-2020,0.0010999999940395355,0.00139999995008111,15196939,0.00139999995008111,0.0013000000035390258,0.0013000000035390258
01-09-2020,0.0010999999940395355,0.0012000000569969416,8725418,0.0013000000035390258,0.0012400000123307109,0.0012400000123307109
02-09-2020,0.0010999999940395355,0.0012000000569969416,15747902,0.0012400000123307109,0.0012000000569969416,0.0012000000569969416
03-09-2020,0.0010999999940395355,0.0011500000255182385,15886250,0.0012000000569969416,0.0012000000569969416,0.0012000000569969416
04-09-2020,0.0007999999797903001,0.0010999999940395355,35977482,0.0012000000569969416,0.0010999999940395355,0.0010999999940395355
08-09-2020,0.0007999999797903001,0.0012000000569969416,12310206,0.0012000000569969416,0.0008999999845400453,0.0008999999845400453
09-09-2020,0.0007999999797903001,0.0007999999797903001,10617437,0.0010000000474974513,0.0010000000474974513,0.0010000000474974513
10-09-2020,0.0007999999797903001,0.0010000000474974513,3450194,0.0010000000474974513,0.0008999999845400453,0.0008999999845400453
11-09-2020,0.0007999999797903001,0.0008999999845400453,8647566,0.0009500000160187483,0.0008999999845400453,0.0008999999845400453
14-09-2020,0.0007999999797903001,0.0007999999797903001,14709811,0.0010999999940395355,0.0010999999940395355,0.0010999999940395355
15-09-2020,0.0008999999845400453,0.0010999999940395355,6305524,0.0010999999940395355,0.0008999999845400453,0.0008999999845400453
16-09-2020,0.0008999999845400453,0.0009399999980814755,10649650,0.0010999999940395355,0.0010000000474974513,0.0010000000474974513
17-09-2020,0.0008999999845400453,0.0010000000474974513,9994663,0.0012000000569969416,0.0010999999940395355,0.0010999999940395355
18-09-2020,0.0010000000474974513,0.0010999999940395355,10645847,0.0012000000569969416,0.0010499999625608325,0.0010499999625608325
21-09-2020,0.0008999999845400453,0.0008999999845400453,6787617,0.0010999999940395355,0.0010999999940395355,0.0010999999940395355
22-09-2020,0.0010000000474974513,0.0010999999940395355,5326441,0.0012000000569969416,0.0012000000569969416,0.0012000000569969416
23-09-2020,0.0010000000474974513,0.0010999999940395355,2893955,0.0010999999940395355,0.0010999999940395355,0.0010999999940395355
24-09-2020,0.0010000000474974513,0.0010999999940395355,19384704,0.0013000000035390258,0.0010999999940395355,0.0010999999940395355
25-09-2020,0.0008999999845400453,0.0010999999940395355,12038856,0.0010999999940395355,0.0010999999940395355,0.0010999999940395355
28-09-2020,0.0008999999845400453,0.0010999999940395355,9958902,0.0010999999940395355,0.0008999999845400453,0.0008999999845400453
29-09-2020,0.0008999999845400453,0.0010999999940395355,8971553,0.0010999999940395355,0.0010000000474974513,0.0010000000474974513
30-09-2020,0.0008999999845400453,0.0010000000474974513,9510624,0.0010000000474974513,0.0008999999845400453,0.0008999999845400453
01-10-2020,0.0008500000112690032,0.0009500000160187483,3902397,0.0010000000474974513,0.0010000000474974513,0.0010000000474974513
02-10-2020,0.0007999999797903001,0.0010000000474974513,8014351,0.0010000000474974513,0.0009500000160187483,0.0009500000160187483
05-10-2020,0.0008999999845400453,0.0010000000474974513,3197113,0.0010000000474974513,0.0010000000474974513,0.0010000000474974513
06-10-2020,0.0007999999797903001,0.0010000000474974513,6088789,0.0010000000474974513,0.0008999999845400453,0.0008999999845400453
07-10-2020,0.0008999999845400453,0.0008999999845400453,1350160,0.0010000000474974513,0.0008999999845400453,0.0008999999845400453
08-10-2020,0.0007999999797903001,0.0008999999845400453,3227037,0.0010000000474974513,0.0008999999845400453,0.0008999999845400453
09-10-2020,0.0007999999797903001,0.0010000000474974513,2641438,0.0010000000474974513,0.0007999999797903001,0.0007999999797903001
12-10-2020,0.0007999999797903001,0.0007999999797903001,7640015,0.0010000000474974513,0.0008999999845400453,0.0008999999845400453
13-10-2020,0.0007999999797903001,0.0007999999797903001,4908835,0.0010000000474974513,0.0007999999797903001,0.0007999999797903001
14-10-2020,0.0007999999797903001,0.0007999999797903001,2268387,0.0010000000474974513,0.0007999999797903001,0.0007999999797903001
15-10-2020,0.0007999999797903001,0.0008999999845400453,4990921,0.0010000000474974513,0.0010000000474974513,0.0010000000474974513
16-10-2020,0.0007999999797903001,0.0007999999797903001,10658467,0.0010000000474974513,0.0008999999845400453,0.0008999999845400453
19-10-2020,0.0007999999797903001,0.0008999999845400453,6809775,0.0010000000474974513,0.0010000000474974513,0.0010000000474974513
20-10-2020,0.0007999999797903001,0.0010000000474974513,12104597,0.0010000000474974513,0.0008999999845400453,0.0008999999845400453
21-10-2020,0.0007999999797903001,0.0008999999845400453,6243879,0.0008999999845400453,0.0008999999845400453,0.0008999999845400453
22-10-2020,0.000699999975040555,0.0007999999797903001,27151189,0.0008999999845400453,0.0008500000112690032,0.0008500000112690032
23-10-2020,0.0007999999797903001,0.0008500000112690032,2638500,0.0008999999845400453,0.0007999999797903001,0.0007999999797903001
26-10-2020,0.000699999975040555,0.0008999999845400453,2104031,0.0008999999845400453,0.0007999999797903001,0.0007999999797903001
27-10-2020,0.000699999975040555,0.0008999999845400453,6158023,0.0008999999845400453,0.0007999999797903001,0.0007999999797903001
28-10-2020,0.000699999975040555,0.0008999999845400453,3984107,0.0008999999845400453,0.000699999975040555,0.000699999975040555
29-10-2020,0.000699999975040555,0.000699999975040555,5147991,0.0008999999845400453,0.0008999999845400453,0.0008999999845400453
30-10-2020,0.0007999999797903001,0.0008999999845400453,1651100,0.0008999999845400453,0.0008500000112690032,0.0008500000112690032
02-11-2020,0.0007999999797903001,0.0007999999797903001,2886421,0.0008999999845400453,0.0007999999797903001,0.0007999999797903001
03-11-2020,0.0007999999797903001,0.0007999999797903001,1319145,0.0008999999845400453,0.0007999999797903001,0.0007999999797903001
04-11-2020,0.000699999975040555,0.0008999999845400453,6823573,0.0009500000160187483,0.0008999999845400453,0.0008999999845400453
05-11-2020,0.0007999999797903001,0.0008999999845400453,1989860,0.0008999999845400453,0.0008999999845400453,0.0008999999845400453
06-11-2020,0.0007999999797903001,0.0008999999845400453,5767611,0.0010000000474974513,0.0008999999845400453,0.0008999999845400453
09-11-2020,0.0007999999797903001,0.0010000000474974513,9946650,0.0010000000474974513,0.0007999999797903001,0.0007999999797903001
10-11-2020,0.000699999975040555,0.0007999999797903001,2088106,0.0007999999797903001,0.0007999999797903001,0.0007999999797903001
11-11-2020,0.000699999975040555,0.000750000006519258,4466832,0.0007999999797903001,0.0007999999797903001,0.0007999999797903001
12-11-2020,0.000699999975040555,0.0007999999797903001,6813763,0.0007999999797903001,0.0007999999797903001,0.0007999999797903001
13-11-2020,0.000699999975040555,0.0007999999797903001,874118,0.0007999999797903001,0.0007999999797903001,0.0007999999797903001
16-11-2020,0.000699999975040555,0.000699999975040555,2107652,0.0007999999797903001,0.0007999999797903001,0.0007999999797903001
17-11-2020,0.000699999975040555,0.000699999975040555,2824510,0.0007999999797903001,0.000750000006519258,0.000750000006519258
18-11-2020,0.000699999975040555,0.000699999975040555,25057606,0.0008999999845400453,0.0007999999797903001,0.0007999999797903001
19-11-2020,0.000750000006519258,0.0007999999797903001,2634944,0.0008999999845400453,0.000750000006519258,0.000750000006519258
20-11-2020,0.000699999975040555,0.000750000006519258,1400483,0.0007999999797903001,0.0007999999797903001,0.0007999999797903001
23-11-2020,0.000699999975040555,0.0007999999797903001,4725544,0.0008999999845400453,0.000750000006519258,0.000750000006519258
24-11-2020,0.000699999975040555,0.0007999999797903001,6624195,0.0008999999845400453,0.0007999999797903001,0.0007999999797903001
25-11-2020,0.000699999975040555,0.0007999999797903001,3932514,0.0007999999797903001,0.000750000006519258,0.000750000006519258
27-11-2020,0.000699999975040555,0.0007999999797903001,7323697,0.0007999999797903001,0.000750000006519258,0.000750000006519258
30-11-2020,0.000699999975040555,0.0007999999797903001,13471204,0.0008999999845400453,0.000750000006519258,0.000750000006519258
01-12-2020,0.000750000006519258,0.0007999999797903001,4232296,0.0008999999845400453,0.0008999999845400453,0.0008999999845400453
02-12-2020,0.000699999975040555,0.000699999975040555,6652058,0.0008999999845400453,0.0008999999845400453,0.0008999999845400453
03-12-2020,0.0008999999845400453,0.0010000000474974513,70550640,0.00139999995008111,0.0013000000035390258,0.0013000000035390258
04-12-2020,0.0010999999940395355,0.0012000000569969416,57669243,0.0017000000225380063,0.0017000000225380063,0.0017000000225380063
07-12-2020,0.0011500000255182385,0.0017000000225380063,47071462,0.0017999999690800905,0.0015999999595806003,0.0015999999595806003
08-12-2020,0.0012000000569969416,0.0017000000225380063,7667276,0.0017000000225380063,0.0013000000035390258,0.0013000000035390258
09-12-2020,0.0012000000569969416,0.00139999995008111,14429942,0.001500000013038516,0.0012000000569969416,0.0012000000569969416
10-12-2020,0.0013000000035390258,0.00139999995008111,34501380,0.0015999999595806003,0.0015999999595806003,0.0015999999595806003
11-12-2020,0.00139999995008111,0.0015999999595806003,21893455,0.0017000000225380063,0.0017000000225380063,0.0017000000225380063
14-12-2020,0.001500000013038516,0.0017000000225380063,17345424,0.0017999999690800905,0.0017000000225380063,0.0017000000225380063
15-12-2020,0.001560000004246831,0.0017000000225380063,28011485,0.0019000000320374966,0.0017000000225380063,0.0017000000225380063
16-12-2020,0.001500000013038516,0.0016499999910593033,52447031,0.002099999925121665,0.0020000000949949026,0.0020000000949949026
17-12-2020,0.0019000000320374966,0.002099999925121665,33611378,0.002400000113993883,0.0020000000949949026,0.0020000000949949026
18-12-2020,0.0019499999471008778,0.002099999925121665,23314422,0.002400000113993883,0.002300000051036477,0.002300000051036477
21-12-2020,0.0017000000225380063,0.002300000051036477,36612839,0.002400000113993883,0.0020000000949949026,0.0020000000949949026
22-12-2020,0.0015999999595806003,0.002099999925121665,50253501,0.002199999988079071,0.0015999999595806003,0.0015999999595806003
23-12-2020,0.0015999999595806003,0.0016499999910593033,19217502,0.0020000000949949026,0.0020000000949949026,0.0020000000949949026
24-12-2020,0.0017999999690800905,0.0020000000949949026,8758500,0.002099999925121665,0.0020000000949949026,0.0020000000949949026
28-12-2020,0.001550000044517219,0.00215000007301569,60665558,0.002199999988079071,0.0017999999690800905,0.0017999999690800905
29-12-2020,0.0015999999595806003,0.0017999999690800905,26399760,0.0019000000320374966,0.0015999999595806003,0.0015999999595806003
30-12-2020,0.001500000013038516,0.0019000000320374966,6716806,0.0019000000320374966,0.0015999999595806003,0.0015999999595806003
31-12-2020,0.001500000013038516,0.0015999999595806003,9110870,0.0017999999690800905,0.0015999999595806003,0.0015999999595806003
04-01-2021,0.0015999999595806003,0.0017000000225380063,21002568,0.0019000000320374966,0.0018500000005587935,0.0018500000005587935
05-01-2021,0.00139999995008111,0.00139999995008111,6986573,0.0020000000949949026,0.0017999999690800905,0.0017999999690800905
06-01-2021,0.0015999999595806003,0.0017999999690800905,8269822,0.0018500000005587935,0.0017000000225380063,0.0017000000225380063
07-01-2021,0.0015999999595806003,0.0017999999690800905,6454188,0.0019000000320374966,0.0017000000225380063,0.0017000000225380063
08-01-2021,0.0015999999595806003,0.0017000000225380063,11788412,0.0017999999690800905,0.0017999999690800905,0.0017999999690800905
11-01-2021,0.0015999999595806003,0.0017999999690800905,18920144,0.0019000000320374966,0.0017000000225380063,0.0017000000225380063
12-01-2021,0.0017000000225380063,0.0017000000225380063,15550874,0.0020000000949949026,0.0019499999471008778,0.0019499999471008778
13-01-2021,0.0017000000225380063,0.0020000000949949026,12972019,0.0020000000949949026,0.0018500000005587935,0.0018500000005587935
14-01-2021,0.0017999999690800905,0.0019000000320374966,69896597,0.00279999990016222,0.0026000000070780516,0.0026000000070780516
15-01-2021,0.002300000051036477,0.0027000000700354576,67360021,0.0032999999821186066,0.003100000089034438,0.003100000089034438
19-01-2021,0.0020000000949949026,0.00279999990016222,60102154,0.0032999999821186066,0.002400000113993883,0.002400000113993883
20-01-2021,0.002099999925121665,0.002400000113993883,51119248,0.0026000000070780516,0.0024999999441206455,0.0024999999441206455
21-01-2021,0.002099999925121665,0.0024999999441206455,24607460,0.003000000026077032,0.002300000051036477,0.002300000051036477
22-01-2021,0.002199999988079071,0.002400000113993883,94666296,0.0034000000450760126,0.002850000048056245,0.002850000048056245
25-01-2021,0.00279999990016222,0.002899999963119626,67755895,0.003100000089034438,0.003000000026077032,0.003000000026077032
26-01-2021,0.002850000048056245,0.003000000026077032,84565897,0.0031999999191612005,0.0031500000040978193,0.0031500000040978193
27-01-2021,0.00279999990016222,0.0031999999191612005,90409005,0.003800000064074993,0.0032999999821186066,0.0032999999821186066
28-01-2021,0.00279999990016222,0.0034000000450760126,33959078,0.003700000001117587,0.003000000026077032,0.003000000026077032
29-01-2021,0.0027000000700354576,0.002899999963119626,31153479,0.0035000001080334187,0.0031999999191612005,0.0031999999191612005
01-02-2021,0.002899999963119626,0.0031999999191612005,25150241,0.003700000001117587,0.003700000001117587,0.003700000001117587
02-02-2021,0.0031500000040978193,0.0035000001080334187,41506400,0.004000000189989805,0.004000000189989805,0.004000000189989805
03-02-2021,0.003800000064074993,0.004000000189989805,92366923,0.0052999998442828655,0.004800000227987766,0.004800000227987766
04-02-2021,0.004399999976158142,0.004999999888241291,120163183,0.006940000224858522,0.006599999964237213,0.006599999964237213
05-02-2021,0.006800000090152025,0.007499999832361937,95333857,0.008500000461935997,0.007199999876320362,0.007199999876320362
08-02-2021,0.007000000216066837,0.00800000037997961,91955868,0.012000000104308128,0.011699999682605267,0.011699999682605267
09-02-2021,0.00800000037997961,0.012500000186264515,86679113,0.014999999664723873,0.010499999858438969,0.010499999858438969
10-02-2021,0.008500000461935997,0.010700000450015068,39782493,0.012000000104308128,0.009499999694526196,0.009499999694526196
11-02-2021,0.009499999694526196,0.009700000286102295,38611672,0.010999999940395355,0.010200000368058681,0.010200000368058681
12-02-2021,0.00800000037997961,0.010999999940395355,41858548,0.010999999940395355,0.00930000003427267,0.00930000003427267
16-02-2021,0.009200000204145908,0.009200000204145908,23058436,0.010999999940395355,0.00989999994635582,0.00989999994635582
17-02-2021,0.009499999694526196,0.009999999776482582,17554493,0.010499999858438969,0.009499999694526196,0.009499999694526196
18-02-2021,0.00800000037997961,0.009499999694526196,32359917,0.009800000116229057,0.00930000003427267,0.00930000003427267
19-02-2021,0.00800000037997961,0.00930000003427267,19587210,0.00930000003427267,0.00839999970048666,0.00839999970048666
22-02-2021,0.007000000216066837,0.00800000037997961,20221613,0.00860000029206276,0.0071000000461936,0.0071000000461936
23-02-2021,0.006000000052154064,0.007000000216066837,25530651,0.008100000210106373,0.007249999791383743,0.007249999791383743
24-02-2021,0.007249999791383743,0.007400000002235174,11856764,0.00800000037997961,0.00800000037997961,0.00800000037997961
25-02-2021,0.007400000002235174,0.008799999952316284,10283598,0.008799999952316284,0.007499999832361937,0.007499999832361937
26-02-2021,0.007199999876320362,0.007499999832361937,21863533,0.009200000204145908,0.007699999958276749,0.007699999958276749
01-03-2021,0.006300000008195639,0.007899999618530273,22144734,0.00800000037997961,0.007000000216066837,0.007000000216066837
02-03-2021,0.005900000222027302,0.007600000128149986,16292986,0.007699999958276749,0.006399999838322401,0.006399999838322401
03-03-2021,0.0038999998942017555,0.006200000178068876,75093403,0.007400000002235174,0.004800000227987766,0.004800000227987766
04-03-2021,0.0035000001080334187,0.004999999888241291,32239787,0.004999999888241291,0.003700000001117587,0.003700000001117587
05-03-2021,0.0031999999191612005,0.004149999935179949,44234620,0.004900000058114529,0.004800000227987766,0.004800000227987766
08-03-2021,0.004800000227987766,0.004900000058114529,22165101,0.00570000009611249,0.004999999888241291,0.004999999888241291
09-03-2021,0.004999999888241291,0.0052999998442828655,3266643,0.00570000009611249,0.005400000140070915,0.005400000140070915
10-03-2021,0.005100000184029341,0.005499999970197678,8276173,0.005900000222027302,0.005900000222027302,0.005900000222027302
11-03-2021,0.004999999888241291,0.005450000055134296,10310874,0.006099999882280827,0.005799999926239252,0.005799999926239252
12-03-2021,0.005499999970197678,0.006099999882280827,9742068,0.006300000008195639,0.005799999926239252,0.005799999926239252
15-03-2021,0.0052999998442828655,0.006000000052154064,151902150,0.009999999776482582,0.0071000000461936,0.0071000000461936
16-03-2021,0.006500000134110451,0.00800000037997961,33112534,0.00800000037997961,0.007600000128149986,0.007600000128149986
17-03-2021,0.006500000134110451,0.007600000128149986,15208148,0.007600000128149986,0.006599999964237213,0.006599999964237213
18-03-2021,0.006300000008195639,0.0066999997943639755,13342002,0.007499999832361937,0.006899999920278788,0.006899999920278788
19-03-2021,0.006500000134110451,0.006800000090152025,9578584,0.007199999876320362,0.007000000216066837,0.007000000216066837
22-03-2021,0.006599999964237213,0.007199999876320362,12208198,0.007400000002235174,0.006800000090152025,0.006800000090152025
23-03-2021,0.006500000134110451,0.007400000002235174,8277882,0.007499999832361937,0.007000000216066837,0.007000000216066837
24-03-2021,0.006399999838322401,0.006500000134110451,11948184,0.007149999961256981,0.006800000090152025,0.006800000090152025
25-03-2021,0.00570000009611249,0.0071000000461936,16391387,0.0071000000461936,0.006380000151693821,0.006380000151693821
26-03-2021,0.006200000178068876,0.006500000134110451,75861236,0.008799999952316284,0.007400000002235174,0.007400000002235174
29-03-2021,0.006500000134110451,0.0066999997943639755,10642352,0.007799999788403511,0.006800000090152025,0.006800000090152025
30-03-2021,0.006099999882280827,0.006850000005215406,8351214,0.007300000172108412,0.006200000178068876,0.006200000178068876
31-03-2021,0.005900000222027302,0.006000000052154064,7866010,0.006899999920278788,0.006399999838322401,0.006399999838322401
01-04-2021,0.00570000009611249,0.006399999838322401,5624582,0.0065899998880922794,0.006099999882280827,0.006099999882280827
05-04-2021,0.004999999888241291,0.006000000052154064,19246674,0.006599999964237213,0.00559999980032444,0.00559999980032444
06-04-2021,0.005499999970197678,0.006200000178068876,24948155,0.006899999920278788,0.006300000008195639,0.006300000008195639
07-04-2021,0.00559999980032444,0.006300000008195639,8104222,0.006500000134110451,0.00570000009611249,0.00570000009611249
08-04-2021,0.005499999970197678,0.00570000009611249,7614668,0.006550000049173832,0.006200000178068876,0.006200000178068876
09-04-2021,0.00570000009611249,0.00570000009611249,4254070,0.006200000178068876,0.005799999926239252,0.005799999926239252
12-04-2021,0.005100000184029341,0.005849999841302633,4375258,0.006000000052154064,0.005799999926239252,0.005799999926239252
13-04-2021,0.004100000020116568,0.005499999970197678,16192825,0.006000000052154064,0.005499999970197678,0.005499999970197678
14-04-2021,0.004399999976158142,0.005400000140070915,21177463,0.006000000052154064,0.005900000222027302,0.005900000222027302
15-04-2021,0.004800000227987766,0.004999999888241291,13352845,0.006000000052154064,0.0052999998442828655,0.0052999998442828655
16-04-2021,0.0044999998062849045,0.004999999888241291,7270596,0.005900000222027302,0.004900000058114529,0.004900000058114529
19-04-2021,0.0044999998062849045,0.004800000227987766,9387753,0.005799999926239252,0.005100000184029341,0.005100000184029341
20-04-2021,0.004100000020116568,0.005100000184029341,16162102,0.005100000184029341,0.0044999998062849045,0.0044999998062849045
21-04-2021,0.003800000064074993,0.004399999976158142,19754457,0.0044999998062849045,0.00419999985024333,0.00419999985024333
22-04-2021,0.003800000064074993,0.004000000189989805,6407870,0.004699999932199717,0.004399999976158142,0.004399999976158142
23-04-2021,0.003700000001117587,0.0038999998942017555,9051025,0.004600000102072954,0.00430000014603138,0.00430000014603138
26-04-2021,0.003800000064074993,0.00419999985024333,5250511,0.0044999998062849045,0.004399999976158142,0.004399999976158142
27-04-2021,0.003949999809265137,0.003949999809265137,11154621,0.004800000227987766,0.0044999998062849045,0.0044999998062849045
28-04-2021,0.00430000014603138,0.00430000014603138,3631031,0.004900000058114529,0.0044999998062849045,0.0044999998062849045
29-04-2021,0.00430000014603138,0.00494999997317791,1713115,0.00494999997317791,0.00430000014603138,0.00430000014603138
30-04-2021,0.004100000020116568,0.00430000014603138,8659071,0.004800000227987766,0.004399999976158142,0.004399999976158142
03-05-2021,0.004000000189989805,0.00430000014603138,7028096,0.004699999932199717,0.004699999932199717,0.004699999932199717
04-05-2021,0.00419999985024333,0.004699999932199717,6987281,0.004900000058114529,0.00430000014603138,0.00430000014603138
05-05-2021,0.00419999985024333,0.00430000014603138,41330691,0.006899999920278788,0.004999999888241291,0.004999999888241291
06-05-2021,0.00419999985024333,0.005799999926239252,7763496,0.005799999926239252,0.004399999976158142,0.004399999976158142
07-05-2021,0.00419999985024333,0.004399999976158142,9746395,0.005549999885261059,0.004800000227987766,0.004800000227987766
10-05-2021,0.004000000189989805,0.004800000227987766,11381423,0.00570000009611249,0.004399999976158142,0.004399999976158142
11-05-2021,0.00419999985024333,0.00419999985024333,13548507,0.004600000102072954,0.00419999985024333,0.00419999985024333
12-05-2021,0.004100000020116568,0.00419999985024333,4574660,0.0044999998062849045,0.004399999976158142,0.004399999976158142
13-05-2021,0.00419999985024333,0.004399999976158142,21857662,0.005400000140070915,0.00430000014603138,0.00430000014603138
14-05-2021,0.00430000014603138,0.00430000014603138,3863167,0.004900000058114529,0.004800000227987766,0.004800000227987766
17-05-2021,0.00430000014603138,0.00430000014603138,3201208,0.004999999888241291,0.004699999932199717,0.004699999932199717
18-05-2021,0.004000000189989805,0.0044999998062849045,6177359,0.004699999932199717,0.0044200001284480095,0.0044200001284480095
19-05-2021,0.004100000020116568,0.0042500002309679985,7506171,0.004999999888241291,0.00419999985024333,0.00419999985024333
20-05-2021,0.004100000020116568,0.004100000020116568,3259755,0.004699999932199717,0.004600000102072954,0.004600000102072954
21-05-2021,0.004000000189989805,0.004600000102072954,7965833,0.004600000102072954,0.00430000014603138,0.00430000014603138
24-05-2021,0.004000000189989805,0.004000000189989805,3685042,0.004399999976158142,0.004100000020116568,0.004100000020116568
25-05-2021,0.004000000189989805,0.00430000014603138,5202705,0.00430000014603138,0.004050000105053186,0.004050000105053186
26-05-2021,0.004000000189989805,0.004000000189989805,4066593,0.00419999985024333,0.004000000189989805,0.004000000189989805
27-05-2021,0.003800000064074993,0.004000000189989805,9254526,0.004100000020116568,0.004000000189989805,0.004000000189989805
28-05-2021,0.003700000001117587,0.004000000189989805,6571251,0.004100000020116568,0.0039900001138448715,0.0039900001138448715
01-06-2021,0.0035000001080334187,0.003800000064074993,4333645,0.004000000189989805,0.003800000064074993,0.003800000064074993
02-06-2021,0.0035000001080334187,0.003700000001117587,3197923,0.0038999998942017555,0.003650000086054206,0.003650000086054206
03-06-2021,0.0035000001080334187,0.003800000064074993,7896410,0.004000000189989805,0.003700000001117587,0.003700000001117587
04-06-2021,0.0035000001080334187,0.0038999998942017555,5318877,0.004000000189989805,0.003700000001117587,0.003700000001117587
07-06-2021,0.0035000001080334187,0.003700000001117587,2274013,0.0038900000508874655,0.003700000001117587,0.003700000001117587
08-06-2021,0.0035000001080334187,0.003700000001117587,3795643,0.004000000189989805,0.003599999938160181,0.003599999938160181
09-06-2021,0.0034000000450760126,0.0035000001080334187,5360013,0.0038999998942017555,0.003700000001117587,0.003700000001117587
10-06-2021,0.0035000001080334187,0.0038999998942017555,6047893,0.0038999998942017555,0.0038999998942017555,0.0038999998942017555
11-06-2021,0.0032999999821186066,0.0032999999821186066,4175444,0.0038999998942017555,0.003650000086054206,0.003650000086054206
14-06-2021,0.0035000001080334187,0.003599999938160181,4205806,0.003800000064074993,0.003800000064074993,0.003800000064074993
15-06-2021,0.0035000001080334187,0.003800000064074993,5325636,0.003800000064074993,0.0035000001080334187,0.0035000001080334187
16-06-2021,0.0035000001080334187,0.003599999938160181,2501775,0.003800000064074993,0.0035000001080334187,0.0035000001080334187
17-06-2021,0.0035000001080334187,0.003700000001117587,4703565,0.0038999998942017555,0.0037499999161809683,0.0037499999161809683
18-06-2021,0.0035000001080334187,0.003599999938160181,1876996,0.0038999998942017555,0.003800000064074993,0.003800000064074993
21-06-2021,0.0032999999821186066,0.0035000001080334187,14915171,0.004000000189989805,0.0038999998942017555,0.0038999998942017555
22-06-2021,0.0032500000670552254,0.004000000189989805,11429215,0.004000000189989805,0.003599999938160181,0.003599999938160181
23-06-2021,0.0034000000450760126,0.003599999938160181,21169181,0.0044999998062849045,0.00419999985024333,0.00419999985024333
24-06-2021,0.0035000001080334187,0.00430000014603138,5991986,0.00430000014603138,0.003599999938160181,0.003599999938160181
25-06-2021,0.003599999938160181,0.003599999938160181,5700173,0.004139999859035015,0.004100000020116568,0.004100000020116568
28-06-2021,0.0035500000230968,0.0035500000230968,4178389,0.004100000020116568,0.0038999998942017555,0.0038999998942017555
29-06-2021,0.003599999938160181,0.0038999998942017555,6998767,0.0038999998942017555,0.003700000001117587,0.003700000001117587
30-06-2021,0.003599999938160181,0.004100000020116568,15994372,0.004100000020116568,0.003800000064074993,0.003800000064074993
01-07-2021,0.003599999938160181,0.003700000001117587,1145654,0.004000000189989805,0.003599999938160181,0.003599999938160181
02-07-2021,0.0035000001080334187,0.003700000001117587,4778085,0.0038999998942017555,0.003700000001117587,0.003700000001117587
06-07-2021,0.0035000001080334187,0.003800000064074993,3647506,0.003800000064074993,0.003599999938160181,0.003599999938160181
07-07-2021,0.0034000000450760126,0.0034000000450760126,2851469,0.003800000064074993,0.003800000064074993,0.003800000064074993
08-07-2021,0.0035000001080334187,0.0035000001080334187,8154810,0.0038999998942017555,0.003700000001117587,0.003700000001117587
09-07-2021,0.0031999999191612005,0.0035000001080334187,5466457,0.003700000001117587,0.0034000000450760126,0.0034000000450760126
12-07-2021,0.0031999999191612005,0.003700000001117587,3795635,0.003700000001117587,0.0034000000450760126,0.0034000000450760126
13-07-2021,0.003000000026077032,0.0035000001080334187,8357001,0.003800000064074993,0.0034000000450760126,0.0034000000450760126
14-07-2021,0.0032999999821186066,0.0034000000450760126,1941697,0.003700000001117587,0.0032999999821186066,0.0032999999821186066
15-07-2021,0.002899999963119626,0.0032999999821186066,9684257,0.0034000000450760126,0.002899999963119626,0.002899999963119626
16-07-2021,0.002899999963119626,0.002899999963119626,4479621,0.0034000000450760126,0.0032999999821186066,0.0032999999821186066
19-07-2021,0.003000000026077032,0.0031500000040978193,1791242,0.0035000001080334187,0.0031999999191612005,0.0031999999191612005
20-07-2021,0.003000000026077032,0.0032999999821186066,3456507,0.0032999999821186066,0.0032999999821186066,0.0032999999821186066
21-07-2021,0.0027000000700354576,0.003000000026077032,4726357,0.0032999999821186066,0.0027000000700354576,0.0027000000700354576
22-07-2021,0.0027000000700354576,0.00279999990016222,4423722,0.003000000026077032,0.003000000026077032,0.003000000026077032
23-07-2021,0.0024999999441206455,0.003100000089034438,16938015,0.0032999999821186066,0.002899999963119626,0.002899999963119626
26-07-2021,0.002300000051036477,0.003000000026077032,34956933,0.0031999999191612005,0.0024999999441206455,0.0024999999441206455
27-07-2021,0.002400000113993883,0.002400000113993883,25718534,0.0027000000700354576,0.0027000000700354576,0.0027000000700354576
28-07-2021,0.002099999925121665,0.0027000000700354576,66794236,0.0027000000700354576,0.002099999925121665,0.002099999925121665
29-07-2021,0.002099999925121665,0.002099999925121665,18201873,0.002400000113993883,0.002300000051036477,0.002300000051036477
30-07-2021,0.0019000000320374966,0.002300000051036477,43774616,0.002400000113993883,0.002199999988079071,0.002199999988079071
02-08-2021,0.0020000000949949026,0.002300000051036477,139938868,0.004399999976158142,0.004000000189989805,0.004000000189989805
03-08-2021,0.00279999990016222,0.004000000189989805,55708535,0.004100000020116568,0.003000000026077032,0.003000000026077032
04-08-2021,0.003000000026077032,0.003100000089034438,18307846,0.003599999938160181,0.0032999999821186066,0.0032999999821186066
05-08-2021,0.003100000089034438,0.003449999960139394,11281955,0.0035000001080334187,0.0032999999821186066,0.0032999999821186066
06-08-2021,0.002899999963119626,0.0032999999821186066,12327324,0.0034000000450760126,0.003000000026077032,0.003000000026077032
09-08-2021,0.00279999990016222,0.003449999960139394,6324593,0.003449999960139394,0.00279999990016222,0.00279999990016222
10-08-2021,0.0026000000070780516,0.0027000000700354576,7937686,0.003000000026077032,0.0029100000392645597,0.0029100000392645597
11-08-2021,0.0026000000070780516,0.0026000000070780516,21770855,0.003100000089034438,0.002899999963119626,0.002899999963119626
12-08-2021,0.00279999990016222,0.0031999999191612005,4652613,0.0031999999191612005,0.00279999990016222,0.00279999990016222
13-08-2021,0.00279999990016222,0.00279999990016222,8871457,0.0031999999191612005,0.0031999999191612005,0.0031999999191612005
16-08-2021,0.003000000026077032,0.0032999999821186066,11482883,0.003700000001117587,0.003000000026077032,0.003000000026077032
17-08-2021,0.002899999963119626,0.0032999999821186066,65808936,0.0035000001080334187,0.003000000026077032,0.003000000026077032
18-08-2021,0.0026000000070780516,0.002899999963119626,50349906,0.0031999999191612005,0.0027000000700354576,0.0027000000700354576
19-08-2021,0.002400000113993883,0.00279999990016222,13992113,0.00279999990016222,0.0024999999441206455,0.0024999999441206455
20-08-2021,0.0023499999660998583,0.0026000000070780516,7462524,0.0027000000700354576,0.0023499999660998583,0.0023499999660998583
23-08-2021,0.002099999925121665,0.002400000113993883,20836079,0.0024999999441206455,0.002300000051036477,0.002300000051036477
24-08-2021,0.002099999925121665,0.002300000051036477,7209148,0.0026000000070780516,0.002400000113993883,0.002400000113993883
25-08-2021,0.002099999925121665,0.0026000000070780516,4718059,0.0026000000070780516,0.002199999988079071,0.002199999988079071
26-08-2021,0.002099999925121665,0.002300000051036477,1607038,0.0023499999660998583,0.002300000051036477,0.002300000051036477
27-08-2021,0.0020000000949949026,0.0020000000949949026,7568414,0.0028899998869746923,0.002400000113993883,0.002400000113993883
30-08-2021,0.0022899999748915434,0.00279999990016222,1485029,0.00279999990016222,0.002400000113993883,0.002400000113993883
31-08-2021,0.002199999988079071,0.0026000000070780516,4196098,0.00279999990016222,0.002400000113993883,0.002400000113993883
01-09-2021,0.002099999925121665,0.0024500000290572643,13508005,0.0026000000070780516,0.002300000051036477,0.002300000051036477
02-09-2021,0.002199999988079071,0.002300000051036477,2581542,0.002400000113993883,0.002300000051036477,0.002300000051036477
03-09-2021,0.0020000000949949026,0.0024999999441206455,14587901,0.0024999999441206455,0.002099999925121665,0.002099999925121665
07-09-2021,0.0020000000949949026,0.002099999925121665,10528453,0.002300000051036477,0.002199999988079071,0.002199999988079071
08-09-2021,0.002099999925121665,0.0023499999660998583,8446905,0.0024999999441206455,0.0023499999660998583,0.0023499999660998583
09-09-2021,0.002400000113993883,0.0024999999441206455,38408380,0.0031999999191612005,0.003000000026077032,0.003000000026077032
10-09-2021,0.0027000000700354576,0.0031999999191612005,18835703,0.0032500000670552254,0.0031999999191612005,0.0031999999191612005
13-09-2021,0.003000000026077032,0.0031999999191612005,164539652,0.005100000184029341,0.003100000089034438,0.003100000089034438
14-09-2021,0.0027000000700354576,0.0031999999191612005,54972482,0.0034000000450760126,0.00279999990016222,0.00279999990016222
15-09-2021,0.0027000000700354576,0.002899999963119626,9332412,0.0034000000450760126,0.00279999990016222,0.00279999990016222
16-09-2021,0.0026000000070780516,0.0027000000700354576,8861335,0.00279999990016222,0.00279999990016222,0.00279999990016222
17-09-2021,0.0024999999441206455,0.00279999990016222,14839358,0.00279999990016222,0.0024999999441206455,0.0024999999441206455
20-09-2021,0.002300000051036477,0.002400000113993883,68757864,0.0027000000700354576,0.0025500000920146704,0.0025500000920146704
21-09-2021,0.002099999925121665,0.00279999990016222,110422984,0.00279999990016222,0.002099999925121665,0.002099999925121665
22-09-2021,0.002199999988079071,0.002199999988079071,41758397,0.003000000026077032,0.0027000000700354576,0.0027000000700354576
23-09-2021,0.0024999999441206455,0.002749999985098839,32608210,0.0031999999191612005,0.003100000089034438,0.003100000089034438
24-09-2021,0.0027000000700354576,0.0032999999821186066,18961133,0.0032999999821186066,0.003000000026077032,0.003000000026077032
27-09-2021,0.0026000000070780516,0.0035000001080334187,8017690,0.0035000001080334187,0.0026000000070780516,0.0026000000070780516
28-09-2021,0.0024999999441206455,0.002950000111013651,5671253,0.002950000111013651,0.0026000000070780516,0.0026000000070780516
29-09-2021,0.0024999999441206455,0.0026000000070780516,4450009,0.0027000000700354576,0.0027000000700354576,0.0027000000700354576
30-09-2021,0.0024999999441206455,0.0027000000700354576,20140664,0.003700000001117587,0.003100000089034438,0.003100000089034438
01-10-2021,0.0026000000070780516,0.0032999999821186066,31290391,0.0035000001080334187,0.0032500000670552254,0.0032500000670552254
04-10-2021,0.003000000026077032,0.0032999999821186066,70157665,0.004399999976158142,0.00430000014603138,0.00430000014603138
05-10-2021,0.003800000064074993,0.00430000014603138,36325319,0.004699999932199717,0.004699999932199717,0.004699999932199717
06-10-2021,0.003100000089034438,0.004399999976158142,58604678,0.005100000184029341,0.0032999999821186066,0.0032999999821186066
07-10-2021,0.003000000026077032,0.004699999932199717,11416496,0.004699999932199717,0.003800000064074993,0.003800000064074993
08-10-2021,0.003599999938160181,0.003700000001117587,4146273,0.0038999998942017555,0.003700000001117587,0.003700000001117587
11-10-2021,0.0032999999821186066,0.003800000064074993,6788349,0.004000000189989805,0.003599999938160181,0.003599999938160181
12-10-2021,0.0035000001080334187,0.003599999938160181,1946355,0.004000000189989805,0.0035000001080334187,0.0035000001080334187
13-10-2021,0.003599999938160181,0.003599999938160181,3635650,0.00430000014603138,0.003700000001117587,0.003700000001117587
14-10-2021,0.0034000000450760126,0.003599999938160181,1577886,0.003800000064074993,0.003800000064074993,0.003800000064074993
15-10-2021,0.003449999960139394,0.003599999938160181,1225468,0.003800000064074993,0.003700000001117587,0.003700000001117587
18-10-2021,0.0032999999821186066,0.0034000000450760126,2828026,0.003700000001117587,0.0032999999821186066,0.0032999999821186066
19-10-2021,0.0032999999821186066,0.003599999938160181,1703575,0.003599999938160181,0.0033100000582635403,0.0033100000582635403
20-10-2021,0.0031999999191612005,0.0035000001080334187,2230897,0.0035000001080334187,0.0031999999191612005,0.0031999999191612005
21-10-2021,0.0027000000700354576,0.0031999999191612005,21390614,0.0032500000670552254,0.00279999990016222,0.00279999990016222
22-10-2021,0.0027000000700354576,0.00279999990016222,14639733,0.0034000000450760126,0.0034000000450760126,0.0034000000450760126
25-10-2021,0.003000000026077032,0.0034000000450760126,5688120,0.0035000001080334187,0.0034000000450760126,0.0034000000450760126
26-10-2021,0.00279999990016222,0.003000000026077032,7199674,0.0032999999821186066,0.002899999963119626,0.002899999963119626
27-10-2021,0.00279999990016222,0.003000000026077032,8195434,0.0031999999191612005,0.003000000026077032,0.003000000026077032
28-10-2021,0.0027000000700354576,0.003000000026077032,5241876,0.0031999999191612005,0.0031500000040978193,0.0031500000040978193
29-10-2021,0.0024999999441206455,0.0031500000040978193,14762233,0.0031500000040978193,0.003000000026077032,0.003000000026077032
01-11-2021,0.002199999988079071,0.0027000000700354576,64352816,0.0027000000700354576,0.002300000051036477,0.002300000051036477
02-11-2021,0.002199999988079071,0.002300000051036477,17142907,0.0024500000290572643,0.002300000051036477,0.002300000051036477
03-11-2021,0.002199999988079071,0.0023499999660998583,6045428,0.0024999999441206455,0.002300000051036477,0.002300000051036477
04-11-2021,0.002199999988079071,0.0024999999441206455,2224712,0.0024999999441206455,0.002400000113993883,0.002400000113993883
05-11-2021,0.0023499999660998583,0.002400000113993883,5890029,0.0027000000700354576,0.0025500000920146704,0.0025500000920146704
08-11-2021,0.002300000051036477,0.0026000000070780516,6250123,0.002899999963119626,0.0026000000070780516,0.0026000000070780516
09-11-2021,0.002300000051036477,0.0024999999441206455,13294626,0.0026000000070780516,0.002400000113993883,0.002400000113993883
10-11-2021,0.002300000051036477,0.0024999999441206455,5202785,0.0027000000700354576,0.002300000051036477,0.002300000051036477
11-11-2021,0.002300000051036477,0.002300000051036477,5878356,0.0026000000070780516,0.0026000000070780516,0.0026000000070780516
12-11-2021,0.002300000051036477,0.0027000000700354576,4474314,0.0027000000700354576,0.002300000051036477,0.002300000051036477
15-11-2021,0.002300000051036477,0.002400000113993883,9135106,0.00279999990016222,0.002300000051036477,0.002300000051036477
16-11-2021,0.002300000051036477,0.002300000051036477,10663390,0.0027000000700354576,0.002300000051036477,0.002300000051036477
17-11-2021,0.0016499999910593033,0.002300000051036477,105400925,0.002400000113993883,0.0019000000320374966,0.0019000000320374966
18-11-2021,0.0017999999690800905,0.0020000000949949026,8615278,0.002099999925121665,0.0019000000320374966,0.0019000000320374966
19-11-2021,0.0015999999595806003,0.0019000000320374966,13826325,0.002099999925121665,0.0017999999690800905,0.0017999999690800905
22-11-2021,0.0015999999595806003,0.0019000000320374966,17430863,0.0020000000949949026,0.0017000000225380063,0.0017000000225380063
23-11-2021,0.0015999999595806003,0.0015999999595806003,5601576,0.0017999999690800905,0.0017500000540167093,0.0017500000540167093
24-11-2021,0.0015999999595806003,0.0015999999595806003,9394214,0.0018500000005587935,0.0017000000225380063,0.0017000000225380063
26-11-2021,0.0017500000540167093,0.0019000000320374966,3765008,0.0019000000320374966,0.0017500000540167093,0.0017500000540167093
29-11-2021,0.0015999999595806003,0.0017999999690800905,5717781,0.0017999999690800905,0.0017000000225380063,0.0017000000225380063
30-11-2021,0.0013500000350177288,0.0015999999595806003,30901065,0.0015999999595806003,0.0015999999595806003,0.0015999999595806003
01-12-2021,0.0013000000035390258,0.001500000013038516,30263149,0.0017000000225380063,0.0013500000350177288,0.0013500000350177288
02-12-2021,0.0010000000474974513,0.0013500000350177288,41236946,0.00139999995008111,0.0013500000350177288,0.0013500000350177288
03-12-2021,0.0012000000569969416,0.00139999995008111,5143008,0.00139999995008111,0.0012000000569969416,0.0012000000569969416
06-12-2021,0.0010999999940395355,0.0013000000035390258,13300025,0.0013000000035390258,0.0012000000569969416,0.0012000000569969416
07-12-2021,0.0010000000474974513,0.0012000000569969416,4797739,0.001500000013038516,0.00139999995008111,0.00139999995008111
08-12-2021,0.00139999995008111,0.00139999995008111,8514008,0.001550000044517219,0.00139999995008111,0.00139999995008111
09-12-2021,0.0012000000569969416,0.001500000013038516,9168659,0.001500000013038516,0.00139999995008111,0.00139999995008111
10-12-2021,0.0013000000035390258,0.00139999995008111,5565221,0.0015999999595806003,0.00139999995008111,0.00139999995008111
13-12-2021,0.0013500000350177288,0.00139999995008111,1955895,0.001500000013038516,0.00139999995008111,0.00139999995008111
14-12-2021,0.0013000000035390258,0.00139999995008111,1379440,0.00139999995008111,0.0013000000035390258,0.0013000000035390258
15-12-2021,0.0013000000035390258,0.00139999995008111,3731436,0.0014400000218302011,0.0013099999632686377,0.0013099999632686377
16-12-2021,0.0013000000035390258,0.00139999995008111,9071434,0.001500000013038516,0.0014400000218302011,0.0014400000218302011
17-12-2021,0.0013000000035390258,0.00139999995008111,5663301,0.001500000013038516,0.00139999995008111,0.00139999995008111
20-12-2021,0.0012000000569969416,0.0013000000035390258,7922638,0.001500000013038516,0.0013000000035390258,0.0013000000035390258
21-12-2021,0.0012000000569969416,0.0013500000350177288,10150005,0.0015999999595806003,0.0015999999595806003,0.0015999999595806003
22-12-2021,0.0013000000035390258,0.0015999999595806003,11485745,0.0017000000225380063,0.001500000013038516,0.001500000013038516
23-12-2021,0.0013000000035390258,0.001500000013038516,2254326,0.001500000013038516,0.00139999995008111,0.00139999995008111
27-12-2021,0.0012000000569969416,0.0013000000035390258,26539231,0.001500000013038516,0.00139999995008111,0.00139999995008111
28-12-2021,0.0010000000474974513,0.0012000000569969416,57506627,0.0013500000350177288,0.0012000000569969416,0.0012000000569969416
29-12-2021,0.0009500000160187483,0.0012000000569969416,72382077,0.0012400000123307109,0.0010999999940395355,0.0010999999940395355
30-12-2021,0.0010000000474974513,0.0010000000474974513,80460191,0.00139999995008111,0.0013000000035390258,0.0013000000035390258
31-12-2021,0.0012000000569969416,0.0013000000035390258,16891435,0.00139999995008111,0.0012000000569969416,0.0012000000569969416
03-01-2022,0.0013000000035390258,0.0013000000035390258,11620681,0.001449999981559813,0.00139999995008111,0.00139999995008111
04-01-2022,0.0012000000569969416,0.00139999995008111,8846659,0.00139999995008111,0.0013500000350177288,0.0013500000350177288
05-01-2022,0.0013000000035390258,0.0013000000035390258,9254062,0.001500000013038516,0.001500000013038516,0.001500000013038516
06-01-2022,0.0013000000035390258,0.0013000000035390258,1865194,0.001500000013038516,0.0013000000035390258,0.0013000000035390258
07-01-2022,0.0013000000035390258,0.0013000000035390258,3847772,0.001500000013038516,0.0014400000218302011,0.0014400000218302011
10-01-2022,0.0013000000035390258,0.00139999995008111,1252148,0.00139999995008111,0.0013500000350177288,0.0013500000350177288
11-01-2022,0.0013000000035390258,0.0013000000035390258,7180785,0.001500000013038516,0.001500000013038516,0.001500000013038516
12-01-2022,0.00139999995008111,0.00139999995008111,3638195,0.0015999999595806003,0.001500000013038516,0.001500000013038516
13-01-2022,0.00139999995008111,0.00139999995008111,1386327,0.0015999999595806003,0.001500000013038516,0.001500000013038516
14-01-2022,0.0013000000035390258,0.00139999995008111,5245556,0.001500000013038516,0.0013000000035390258,0.0013000000035390258
18-01-2022,0.0012000000569969416,0.0013000000035390258,5137230,0.00139999995008111,0.0013000000035390258,0.0013000000035390258
19-01-2022,0.0010999999940395355,0.00139999995008111,15690158,0.00139999995008111,0.0012000000569969416,0.0012000000569969416
20-01-2022,0.0012000000569969416,0.0012000000569969416,4430981,0.00139999995008111,0.0012499999720603228,0.0012499999720603228
21-01-2022,0.0012000000569969416,0.0013000000035390258,1235606,0.0013000000035390258,0.0012499999720603228,0.0012499999720603228
24-01-2022,0.0010999999940395355,0.0012000000569969416,6897217,0.0013000000035390258,0.0010999999940395355,0.0010999999940395355
25-01-2022,0.0010999999940395355,0.0010999999940395355,3123448,0.0013000000035390258,0.0012000000569969416,0.0012000000569969416
26-01-2022,0.0012000000569969416,0.0013000000035390258,1366339,0.0013000000035390258,0.0012000000569969416,0.0012000000569969416
27-01-2022,0.0012000000569969416,0.0012000000569969416,693200,0.0013000000035390258,0.0013000000035390258,0.0013000000035390258
28-01-2022,0.0010000000474974513,0.0013000000035390258,6691210,0.0013000000035390258,0.0010999999940395355,0.0010999999940395355
31-01-2022,0.0010000000474974513,0.0010999999940395355,12196069,0.0012100000167265534,0.0012100000167265534,0.0012100000167265534
01-02-2022,0.0010999999940395355,0.0013000000035390258,6421889,0.0013000000035390258,0.0012000000569969416,0.0012000000569969416
02-02-2022,0.0011500000255182385,0.0012000000569969416,2588036,0.0013000000035390258,0.0013000000035390258,0.0013000000035390258
03-02-2022,0.0012000000569969416,0.0013000000035390258,7924812,0.0013000000035390258,0.0012000000569969416,0.0012000000569969416
04-02-2022,0.0010999999940395355,0.0010999999940395355,13930645,0.0012000000569969416,0.0012000000569969416,0.0012000000569969416
07-02-2022,0.0010999999940395355,0.0010999999940395355,12027995,0.0013000000035390258,0.0012000000569969416,0.0012000000569969416
08-02-2022,0.0010999999940395355,0.0010999999940395355,8781865,0.0013000000035390258,0.0012000000569969416,0.0012000000569969416
09-02-2022,0.0008999999845400453,0.0011500000255182385,73625365,0.0012000000569969416,0.0010000000474974513,0.0010000000474974513
10-02-2022,0.0008999999845400453,0.0010999999940395355,48384638,0.0010999999940395355,0.0010000000474974513,0.0010000000474974513
11-02-2022,0.0010000000474974513,0.0010000000474974513,13908298,0.0010499999625608325,0.0010000000474974513,0.0010000000474974513
14-02-2022,0.0008999999845400453,0.0010000000474974513,4435245,0.0010999999940395355,0.0010000000474974513,0.0010000000474974513
15-02-2022,0.0008999999845400453,0.0008999999845400453,8429743,0.0010999999940395355,0.0010000000474974513,0.0010000000474974513
16-02-2022,0.0010999999940395355,0.0010999999940395355,120000,0.0010999999940395355,0.0010999999940395355,0.0010999999940395355
17-02-2022,0.0008999999845400453,0.0010999999940395355,18013912,0.0010999999940395355,0.0008999999845400453,0.0008999999845400453
18-02-2022,0.0008999999845400453,0.0009500000160187483,18331948,0.0010000000474974513,0.0008999999845400453,0.0008999999845400453
22-02-2022,0.0007999999797903001,0.0008999999845400453,16646964,0.0010000000474974513,0.0007999999797903001,0.0007999999797903001
23-02-2022,0.0007999999797903001,0.0007999999797903001,4897996,0.0010000000474974513,0.0010000000474974513,0.0010000000474974513
24-02-2022,0.0007999999797903001,0.0008999999845400453,4706501,0.0010000000474974513,0.0010000000474974513,0.0010000000474974513
25-02-2022,0.0007999999797903001,0.0010000000474974513,5122845,0.0010000000474974513,0.0010000000474974513,0.0010000000474974513
28-02-2022,0.0008999999845400453,0.0010000000474974513,8158829,0.0010000000474974513,0.0008999999845400453,0.0008999999845400453
01-03-2022,0.0007999999797903001,0.0008999999845400453,6729033,0.0008999999845400453,0.0008999999845400453,0.0008999999845400453
02-03-2022,0.000699999975040555,0.0007999999797903001,21783625,0.0008999999845400453,0.0007999999797903001,0.0007999999797903001
03-03-2022,0.000699999975040555,0.0007999999797903001,14460400,0.0008999999845400453,0.0008999999845400453,0.0008999999845400453
04-03-2022,0.000699999975040555,0.0008999999845400453,2925454,0.0008999999845400453,0.0008999999845400453,0.0008999999845400453
07-03-2022,0.0006500000017695129,0.0008500000112690032,65032074,0.0008999999845400453,0.000699999975040555,0.000699999975040555
08-03-2022,0.0006500000017695129,0.000699999975040555,4295126,0.000699999975040555,0.000699999975040555,0.000699999975040555
09-03-2022,0.0006000000284984708,0.0006000000284984708,25267157,0.0007999999797903001,0.000699999975040555,0.000699999975040555
10-03-2022,0.0006000000284984708,0.000699999975040555,5148947,0.000699999975040555,0.0006500000017695129,0.0006500000017695129
11-03-2022,0.0006000000284984708,0.000699999975040555,7177011,0.000699999975040555,0.000699999975040555,0.000699999975040555
14-03-2022,0.000699999975040555,0.0007999999797903001,23217443,0.0007999999797903001,0.000699999975040555,0.000699999975040555
15-03-2022,0.0006000000284984708,0.0006000000284984708,6293852,0.000699999975040555,0.000699999975040555,0.000699999975040555
16-03-2022,0.0006000000284984708,0.000699999975040555,4714705,0.000699999975040555,0.000699999975040555,0.000699999975040555
17-03-2022,0.0006000000284984708,0.000699999975040555,48690455,0.0007999999797903001,0.000750000006519258,0.000750000006519258
18-03-2022,0.0007600000244565308,0.0007999999797903001,22149207,0.0008999999845400453,0.0008999999845400453,0.0008999999845400453
21-03-2022,0.000750000006519258,0.0007999999797903001,132866492,0.0010000000474974513,0.0007999999797903001,0.0007999999797903001
22-03-2022,0.0006500000017695129,0.0007999999797903001,146244728,0.0007999999797903001,0.000699999975040555,0.000699999975040555
23-03-2022,0.000699999975040555,0.000699999975040555,31654488,0.0007999999797903001,0.000699999975040555,0.000699999975040555
24-03-2022,0.000699999975040555,0.0007999999797903001,91088228,0.0008999999845400453,0.0008500000112690032,0.0008500000112690032
25-03-2022,0.0007999999797903001,0.0007999999797903001,326543799,0.0012000000569969416,0.0012000000569969416,0.0012000000569969416
28-03-2022,0.0012000000569969416,0.0012000000569969416,169746572,0.0017999999690800905,0.0015999999595806003,0.0015999999595806003
29-03-2022,0.0010999999940395355,0.0017000000225380063,80775795,0.0017999999690800905,0.0013000000035390258,0.0013000000035390258
30-03-2022,0.0010000000474974513,0.0013000000035390258,44532888,0.0013000000035390258,0.0010000000474974513,0.0010000000474974513
31-03-2022,0.0010000000474974513,0.0010000000474974513,10780026,0.0012000000569969416,0.0012000000569969416,0.0012000000569969416
01-04-2022,0.0010000000474974513,0.0012000000569969416,17668933,0.0012000000569969416,0.0010000000474974513,0.0010000000474974513
04-04-2022,0.0010000000474974513,0.0010000000474974513,22940007,0.0012000000569969416,0.0010999999940395355,0.0010999999940395355
05-04-2022,0.0009500000160187483,0.0010999999940395355,21118733,0.0012000000569969416,0.0010000000474974513,0.0010000000474974513
06-04-2022,0.0008999999845400453,0.0010000000474974513,27228997,0.0010999999940395355,0.0010000000474974513,0.0010000000474974513
07-04-2022,0.0010000000474974513,0.0010000000474974513,3057532,0.0010999999940395355,0.0010000000474974513,0.0010000000474974513
08-04-2022,0.0008999999845400453,0.0010000000474974513,35896401,0.0010999999940395355,0.0010000000474974513,0.0010000000474974513
11-04-2022,0.0008999999845400453,0.0010000000474974513,23309090,0.0010999999940395355,0.0010000000474974513,0.0010000000474974513
12-04-2022,0.0008999999845400453,0.0010000000474974513,10997998,0.0010000000474974513,0.0008999999845400453,0.0008999999845400453
13-04-2022,0.0008999999845400453,0.0008999999845400453,29705682,0.0010000000474974513,0.0008999999845400453,0.0008999999845400453
14-04-2022,0.0008999999845400453,0.0008999999845400453,17763677,0.0010000000474974513,0.0010000000474974513,0.0010000000474974513
18-04-2022,0.0008999999845400453,0.0008999999845400453,11984410,0.0010000000474974513,0.0008999999845400453,0.0008999999845400453
19-04-2022,0.0008999999845400453,0.0010000000474974513,39921892,0.0010999999940395355,0.0010000000474974513,0.0010000000474974513
20-04-2022,0.0008999999845400453,0.0010000000474974513,20925131,0.0010499999625608325,0.0008999999845400453,0.0008999999845400453
21-04-2022,0.000699999975040555,0.0008999999845400453,25318457,0.0010000000474974513,0.000699999975040555,0.000699999975040555
22-04-2022,0.000699999975040555,0.0007999999797903001,5292161,0.0007999999797903001,0.000750000006519258,0.000750000006519258
25-04-2022,0.0006000000284984708,0.0007999999797903001,80321122,0.0007999999797903001,0.000699999975040555,0.000699999975040555
26-04-2022,0.0005000000237487257,0.000699999975040555,127572179,0.000699999975040555,0.0006000000284984708,0.0006000000284984708
27-04-2022,0.0005000000237487257,0.000699999975040555,15650664,0.000699999975040555,0.0006000000284984708,0.0006000000284984708
28-04-2022,0.0005000000237487257,0.0006000000284984708,15245520,0.0006000000284984708,0.0006000000284984708,0.0006000000284984708
29-04-2022,0.0006000000284984708,0.0006000000284984708,516000,0.0006000000284984708,0.0006000000284984708,0.0006000000284984708
02-05-2022,0.0005000000237487257,0.0006000000284984708,8464384,0.0006000000284984708,0.0006000000284984708,0.0006000000284984708
03-05-2022,0.0005000000237487257,0.0005000000237487257,36004955,0.0006000000284984708,0.0006000000284984708,0.0006000000284984708
04-05-2022,0.00039999998989515007,0.0006000000284984708,38793450,0.0006000000284984708,0.0006000000284984708,0.0006000000284984708
05-05-2022,0.00039999998989515007,0.0006000000284984708,10126722,0.0006000000284984708,0.0005000000237487257,0.0005000000237487257
06-05-2022,0.0005000000237487257,0.0005000000237487257,5237864,0.0006000000284984708,0.0005000000237487257,0.0005000000237487257
09-05-2022,0.0005000000237487257,0.0006000000284984708,2803629,0.0006000000284984708,0.0006000000284984708,0.0006000000284984708
10-05-2022,0.00039999998989515007,0.0005000000237487257,15567530,0.0006000000284984708,0.0006000000284984708,0.0006000000284984708
11-05-2022,0.00039999998989515007,0.0005000000237487257,12280699,0.0006000000284984708,0.00044999999227002263,0.00044999999227002263
12-05-2022,0.00039999998989515007,0.0005000000237487257,6533603,0.0005000000237487257,0.0005000000237487257,0.0005000000237487257
13-05-2022,0.00039999998989515007,0.0005000000237487257,30082011,0.0006000000284984708,0.0006000000284984708,0.0006000000284984708
16-05-2022,0.0005000000237487257,0.0005000000237487257,31150713,0.000699999975040555,0.0006000000284984708,0.0006000000284984708
17-05-2022,0.0005000000237487257,0.0006000000284984708,311348,0.000699999975040555,0.000699999975040555,0.000699999975040555
18-05-2022,0.0005000000237487257,0.0006000000284984708,2917094,0.000699999975040555,0.0005000000237487257,0.0005000000237487257
19-05-2022,0.0005000000237487257,0.0006000000284984708,2119116,0.0006000000284984708,0.0005000000237487257,0.0005000000237487257
20-05-2022,0.0005000000237487257,0.0005000000237487257,9889111,0.000699999975040555,0.0006000000284984708,0.0006000000284984708
23-05-2022,0.0006000000284984708,0.0006000000284984708,160966,0.000699999975040555,0.0006500000017695129,0.0006500000017695129
24-05-2022,0.0005499999970197678,0.000699999975040555,1345724,0.000699999975040555,0.0006000000284984708,0.0006000000284984708
25-05-2022,0.0005499999970197678,0.0005499999970197678,26962,0.0005499999970197678,0.0005499999970197678,0.0005499999970197678
26-05-2022,0.0005000000237487257,0.0006000000284984708,3691701,0.0006500000017695129,0.0005000000237487257,0.0005000000237487257
27-05-2022,0.0005499999970197678,0.000699999975040555,1064385,0.000699999975040555,0.0006000000284984708,0.0006000000284984708
31-05-2022,0.0005000000237487257,0.0006000000284984708,5620016,0.000699999975040555,0.0006000000284984708,0.0006000000284984708
01-06-2022,0.0006000000284984708,0.000699999975040555,1528932,0.000699999975040555,0.000699999975040555,0.000699999975040555
02-06-2022,0.0006000000284984708,0.0006000000284984708,1875528,0.000699999975040555,0.0006500000017695129,0.0006500000017695129
03-06-2022,0.0006000000284984708,0.0006000000284984708,165571,0.000699999975040555,0.0006000000284984708,0.0006000000284984708
06-06-2022,0.0006000000284984708,0.0006000000284984708,2039484,0.000699999975040555,0.0006000000284984708,0.0006000000284984708
07-06-2022,0.0005499999970197678,0.0006000000284984708,1646211,0.000699999975040555,0.0006000000284984708,0.0006000000284984708
08-06-2022,0.0005499999970197678,0.0005499999970197678,6701848,0.000699999975040555,0.0006000000284984708,0.0006000000284984708
09-06-2022,0.0005000000237487257,0.0006000000284984708,60059712,0.0006000000284984708,0.0006000000284984708,0.0006000000284984708
10-06-2022,0.0005000000237487257,0.0006000000284984708,10124646,0.0006000000284984708,0.0005499999970197678,0.0005499999970197678
13-06-2022,0.0005000000237487257,0.0006000000284984708,71360758,0.0006000000284984708,0.0005000000237487257,0.0005000000237487257
14-06-2022,0.0005000000237487257,0.0005000000237487257,3099817,0.0006000000284984708,0.0005000000237487257,0.0005000000237487257
15-06-2022,0.0005000000237487257,0.0005000000237487257,730677,0.0006000000284984708,0.0006000000284984708,0.0006000000284984708
16-06-2022,0.0005000000237487257,0.0006000000284984708,3795164,0.0006000000284984708,0.0005000000237487257,0.0005000000237487257
17-06-2022,0.0005000000237487257,0.0005000000237487257,24177029,0.000699999975040555,0.000699999975040555,0.000699999975040555
21-06-2022,0.0006000000284984708,0.0006500000017695129,40346443,0.0007999999797903001,0.000699999975040555,0.000699999975040555
22-06-2022,0.0006000000284984708,0.0006000000284984708,104985160,0.0008999999845400453,0.000699999975040555,0.000699999975040555
23-06-2022,0.0006000000284984708,0.000699999975040555,2845378,0.000699999975040555,0.000699999975040555,0.000699999975040555
24-06-2022,0.0006000000284984708,0.000699999975040555,10296020,0.000699999975040555,0.000699999975040555,0.000699999975040555
27-06-2022,0.0006000000284984708,0.0006000000284984708,1186497,0.000699999975040555,0.000699999975040555,0.000699999975040555
28-06-2022,0.0006000000284984708,0.000699999975040555,3571097,0.000699999975040555,0.000699999975040555,0.000699999975040555
29-06-2022,0.0006000000284984708,0.0006500000017695129,19556484,0.0007999999797903001,0.0007999999797903001,0.0007999999797903001
30-06-2022,0.000699999975040555,0.0007999999797903001,31336378,0.0007999999797903001,0.000699999975040555,0.000699999975040555
01-07-2022,0.0006000000284984708,0.000699999975040555,6819211,0.000699999975040555,0.000699999975040555,0.000699999975040555
05-07-2022,0.0006000000284984708,0.000699999975040555,114384274,0.0008500000112690032,0.0007999999797903001,0.0007999999797903001
06-07-2022,0.000699999975040555,0.0007999999797903001,15039359,0.0007999999797903001,0.000699999975040555,0.000699999975040555
07-07-2022,0.000699999975040555,0.000699999975040555,32426999,0.0007999999797903001,0.0007999999797903001,0.0007999999797903001
08-07-2022,0.000699999975040555,0.0007999999797903001,14603975,0.0007999999797903001,0.0007999999797903001,0.0007999999797903001
11-07-2022,0.000699999975040555,0.000699999975040555,2160095,0.0007999999797903001,0.000699999975040555,0.000699999975040555
12-07-2022,0.0006500000017695129,0.000699999975040555,20797340,0.0007999999797903001,0.0007999999797903001,0.0007999999797903001
13-07-2022,0.000699999975040555,0.000699999975040555,12485333,0.0007999999797903001,0.0007999999797903001,0.0007999999797903001
14-07-2022,0.000699999975040555,0.0007999999797903001,26494829,0.0008999999845400453,0.000750000006519258,0.000750000006519258
15-07-2022,0.000699999975040555,0.000699999975040555,21595860,0.0008999999845400453,0.000699999975040555,0.000699999975040555
18-07-2022,0.000699999975040555,0.000699999975040555,5906949,0.0008999999845400453,0.0008999999845400453,0.0008999999845400453
19-07-2022,0.0007999999797903001,0.0008999999845400453,714632,0.0008999999845400453,0.0008999999845400453,0.0008999999845400453
20-07-2022,0.000750000006519258,0.0008999999845400453,3432600,0.0008999999845400453,0.0007999999797903001,0.0007999999797903001
21-07-2022,0.000699999975040555,0.000699999975040555,1534788,0.0008999999845400453,0.0008999999845400453,0.0008999999845400453
22-07-2022,0.000699999975040555,0.0007999999797903001,5061279,0.0008999999845400453,0.000699999975040555,0.000699999975040555
25-07-2022,0.000699999975040555,0.000699999975040555,3682866,0.0008999999845400453,0.0008999999845400453,0.0008999999845400453
26-07-2022,0.000699999975040555,0.0008999999845400453,559500,0.0008999999845400453,0.0007999999797903001,0.0007999999797903001
27-07-2022,0.000699999975040555,0.0007999999797903001,12855961,0.0008999999845400453,0.0008999999845400453,0.0008999999845400453
28-07-2022,0.000699999975040555,0.000699999975040555,24097314,0.0010999999940395355,0.0010000000474974513,0.0010000000474974513
29-07-2022,0.0007999999797903001,0.0010000000474974513,10761509,0.0010000000474974513,0.0008999999845400453,0.0008999999845400453
01-08-2022,0.0007999999797903001,0.0008999999845400453,7070093,0.0010000000474974513,0.0008999999845400453,0.0008999999845400453
02-08-2022,0.0008500000112690032,0.0010000000474974513,2539177,0.0010000000474974513,0.0008999999845400453,0.0008999999845400453
03-08-2022,0.0008500000112690032,0.0008999999845400453,268517,0.0008999999845400453,0.0008999999845400453,0.0008999999845400453
04-08-2022,0.000699999975040555,0.0007999999797903001,18163199,0.0008999999845400453,0.0007999999797903001,0.0007999999797903001
05-08-2022,0.000699999975040555,0.0007999999797903001,3870101,0.0007999999797903001,0.0007999999797903001,0.0007999999797903001
08-08-2022,0.000699999975040555,0.0007999999797903001,6787896,0.0008999999845400453,0.0007999999797903001,0.0007999999797903001
09-08-2022,0.000699999975040555,0.0007999999797903001,5808021,0.0008999999845400453,0.0008999999845400453,0.0008999999845400453
10-08-2022,0.000699999975040555,0.0007999999797903001,7853785,0.0008999999845400453,0.0008999999845400453,0.0008999999845400453
11-08-2022,0.0007999999797903001,0.0008999999845400453,18889,0.0008999999845400453,0.0007999999797903001,0.0007999999797903001
12-08-2022,0.000699999975040555,0.0007999999797903001,1970890,0.0008999999845400453,0.0007999999797903001,0.0007999999797903001
15-08-2022,0.000699999975040555,0.000750000006519258,3276908,0.0007999999797903001,0.0007399999885819852,0.0007399999885819852
16-08-2022,0.000699999975040555,0.000699999975040555,85805246,0.0010000000474974513,0.0008999999845400453,0.0008999999845400453
17-08-2022,0.0008999999845400453,0.0008999999845400453,159224800,0.0010999999940395355,0.0010000000474974513,0.0010000000474974513
18-08-2022,0.0007999999797903001,0.0010000000474974513,22166231,0.0010000000474974513,0.0008999999845400453,0.0008999999845400453
19-08-2022,0.0007999999797903001,0.0008999999845400453,8968966,0.0010000000474974513,0.0008999999845400453,0.0008999999845400453
22-08-2022,0.0007999999797903001,0.0007999999797903001,7598222,0.0010000000474974513,0.0009500000160187483,0.0009500000160187483
23-08-2022,0.0007999999797903001,0.0008999999845400453,6763118,0.0010000000474974513,0.0007999999797903001,0.0007999999797903001
24-08-2022,0.0007999999797903001,0.0007999999797903001,4528855,0.0010000000474974513,0.0008999999845400453,0.0008999999845400453
25-08-2022,0.000699999975040555,0.0008500000112690032,51481036,0.0008999999845400453,0.0008999999845400453,0.0008999999845400453
26-08-2022,0.000699999975040555,0.0008999999845400453,8816699,0.0008999999845400453,0.0007999999797903001,0.0007999999797903001
29-08-2022,0.000699999975040555,0.0007999999797903001,14963458,0.0007999999797903001,0.0007999999797903001,0.0007999999797903001
30-08-2022,0.000699999975040555,0.0007999999797903001,2334614,0.0007999999797903001,0.0007999999797903001,0.0007999999797903001
31-08-2022,0.000699999975040555,0.0007999999797903001,9357611,0.0007999999797903001,0.000699999975040555,0.000699999975040555
01-09-2022,0.000699999975040555,0.0007999999797903001,45401081,0.0007999999797903001,0.000699999975040555,0.000699999975040555
02-09-2022,0.000750000006519258,0.0007999999797903001,6960591,0.0008999999845400453,0.0008500000112690032,0.0008500000112690032
06-09-2022,0.000750000006519258,0.0008999999845400453,4075811,0.0008999999845400453,0.0008999999845400453,0.0008999999845400453
07-09-2022,0.000699999975040555,0.0008999999845400453,5070968,0.0008999999845400453,0.0008999999845400453,0.0008999999845400453
08-09-2022,0.0007999999797903001,0.0008999999845400453,2251228,0.0008999999845400453,0.0007999999797903001,0.0007999999797903001
09-09-2022,0.000699999975040555,0.0008999999845400453,2777787,0.0008999999845400453,0.000750000006519258,0.000750000006519258
12-09-2022,0.000750000006519258,0.0008999999845400453,45138,0.0008999999845400453,0.0008999999845400453,0.0008999999845400453
13-09-2022,0.000699999975040555,0.000699999975040555,8557200,0.0008999999845400453,0.000750000006519258,0.000750000006519258
14-09-2022,0.000699999975040555,0.0007999999797903001,4781315,0.0007999999797903001,0.0007999999797903001,0.0007999999797903001
15-09-2022,0.000699999975040555,0.000750000006519258,2570064,0.0007999999797903001,0.000699999975040555,0.000699999975040555
16-09-2022,0.000699999975040555,0.0007999999797903001,900926,0.0007999999797903001,0.000750000006519258,0.000750000006519258
19-09-2022,0.000699999975040555,0.000699999975040555,4135005,0.0007999999797903001,0.0007999999797903001,0.0007999999797903001
20-09-2022,0.000699999975040555,0.000699999975040555,1115203,0.0007999999797903001,0.0007999999797903001,0.0007999999797903001
21-09-2022,0.000699999975040555,0.0007999999797903001,1165700,0.0007999999797903001,0.000699999975040555,0.000699999975040555
22-09-2022,0.000699999975040555,0.000699999975040555,1335287,0.000750000006519258,0.000699999975040555,0.000699999975040555
23-09-2022,0.000699999975040555,0.000699999975040555,5620500,0.0007999999797903001,0.000699999975040555,0.000699999975040555
26-09-2022,0.0006000000284984708,0.000699999975040555,20179916,0.0007999999797903001,0.000699999975040555,0.000699999975040555
27-09-2022,0.0006000000284984708,0.0006500000017695129,6630320,0.000699999975040555,0.000699999975040555,0.000699999975040555
28-09-2022,0.000699999975040555,0.000699999975040555,8349242,0.000699999975040555,0.000699999975040555,0.000699999975040555
29-09-2022,0.0006000000284984708,0.000699999975040555,1055779,0.000699999975040555,0.0006000000284984708,0.0006000000284984708
30-09-2022,0.0006000000284984708,0.0006000000284984708,738913,0.000699999975040555,0.000699999975040555,0.000699999975040555
03-10-2022,0.0005000000237487257,0.000699999975040555,70396553,0.000699999975040555,0.000699999975040555,0.000699999975040555
04-10-2022,0.0006000000284984708,0.000699999975040555,16805227,0.000699999975040555,0.000699999975040555,0.000699999975040555
05-10-2022,0.0006000000284984708,0.000699999975040555,36866436,0.000699999975040555,0.0006000000284984708,0.0006000000284984708
06-10-2022,0.000699999975040555,0.000699999975040555,20824457,0.0007999999797903001,0.0007999999797903001,0.0007999999797903001
07-10-2022,0.0006500000017695129,0.0007999999797903001,103787528,0.0007999999797903001,0.000699999975040555,0.000699999975040555
10-10-2022,0.0006000000284984708,0.0006500000017695129,15147663,0.0007999999797903001,0.0006500000017695129,0.0006500000017695129
11-10-2022,0.0006000000284984708,0.000699999975040555,3025325,0.000699999975040555,0.0006500000017695129,0.0006500000017695129
12-10-2022,0.0006000000284984708,0.000699999975040555,1507543,0.000699999975040555,0.000699999975040555,0.000699999975040555
13-10-2022,0.0006000000284984708,0.000699999975040555,408425,0.000699999975040555,0.000699999975040555,0.000699999975040555
14-10-2022,0.0006000000284984708,0.000699999975040555,1772528,0.000699999975040555,0.000699999975040555,0.000699999975040555
17-10-2022,0.0006000000284984708,0.0006000000284984708,4862437,0.000699999975040555,0.000699999975040555,0.000699999975040555
