Date,Low,Open,Volume,High,Close,Adjusted Close
17-03-2008,49.2400016784668,50.0,1988000,52.650001525878906,49.38999938964844,25.010072708129883
18-03-2008,47.75,49.849998474121094,8067600,52.0,49.599998474121094,25.116409301757812
19-03-2008,46.900001525878906,49.599998474121094,3007700,51.0,50.099998474121094,25.369600296020508
20-03-2008,48.869998931884766,50.20000076293945,3007700,50.20000076293945,49.150001525878906,24.888530731201172
24-03-2008,49.810001373291016,49.810001373291016,1437000,51.0,51.0,25.825349807739258
25-03-2008,50.599998474121094,51.400001525878906,1100800,51.75,51.75,26.205129623413086
26-03-2008,50.29999923706055,51.70000076293945,2023200,52.470001220703125,50.29999923706055,25.470874786376953
27-03-2008,50.0,50.95000076293945,8653300,52.029998779296875,50.68000030517578,25.66329574584961
28-03-2008,50.560001373291016,50.95000076293945,9961200,52.5,51.060001373291016,25.85572624206543
31-03-2008,50.0,52.400001525878906,19408900,54.70000076293945,50.58000183105469,25.612668991088867
01-04-2008,49.0099983215332,51.099998474121094,23322500,52.189998626708984,50.58000183105469,25.612668991088867
02-04-2008,50.150001525878906,51.15999984741211,12944700,52.06999969482422,51.209999084472656,25.93168830871582
03-04-2008,50.400001525878906,51.0,12439100,51.5,51.04999923706055,25.850662231445312
04-04-2008,50.79999923706055,51.47999954223633,6651000,51.47999954223633,51.369998931884766,26.012704849243164
07-04-2008,50.5,51.599998474121094,7099300,51.599998474121094,50.66999816894531,25.658233642578125
08-04-2008,50.209999084472656,50.40999984741211,8283300,51.0099983215332,50.599998474121094,25.622783660888672
09-04-2008,49.150001525878906,50.5,8916200,50.59000015258789,49.380001068115234,25.005002975463867
10-04-2008,48.5,49.4900016784668,14321900,49.90999984741211,48.65999984741211,24.640411376953125
11-04-2008,48.08000183105469,48.4900016784668,11400700,48.88999938964844,48.33000183105469,24.473302841186523
14-04-2008,47.43000030517578,48.29999923706055,11532500,48.349998474121094,48.0,24.306209564208984
15-04-2008,47.779998779296875,47.779998779296875,9603400,48.349998474121094,48.20000076293945,24.407472610473633
16-04-2008,48.349998474121094,48.40999984741211,14837600,49.61000061035156,49.459999084472656,25.045516967773438
17-04-2008,49.41999816894531,49.720001220703125,6660700,50.0,49.849998474121094,25.243013381958008
18-04-2008,49.380001068115234,50.4900016784668,9630700,50.939998626708984,49.959999084472656,25.298704147338867
21-04-2008,49.130001068115234,50.20000076293945,6528300,50.88999938964844,50.630001068115234,25.63798713684082
22-04-2008,49.91999816894531,50.599998474121094,5504900,50.900001525878906,50.06999969482422,25.35441017150879
23-04-2008,50.900001525878906,51.0,13532300,52.34000015258789,52.0,26.331716537475586
24-04-2008,51.5,52.0,5847500,52.43000030517578,52.0,26.331716537475586
25-04-2008,50.75,52.13999938964844,11399700,52.18000030517578,51.29999923706055,25.97725486755371
28-04-2008,50.75,50.939998626708984,8382500,51.29999923706055,51.06999969482422,25.860788345336914
29-04-2008,50.2599983215332,51.439998626708984,12325300,52.20000076293945,52.0099983215332,26.336774826049805
30-04-2008,50.90999984741211,51.70000076293945,8733100,52.0099983215332,51.029998779296875,25.84053611755371
01-05-2008,50.619998931884766,50.83000183105469,7120800,51.16999816894531,50.75,25.698749542236328
02-05-2008,50.400001525878906,50.900001525878906,9291100,51.099998474121094,51.02000045776367,25.835472106933594
05-05-2008,50.630001068115234,50.869998931884766,8398500,51.630001068115234,50.810001373291016,25.72913932800293
06-05-2008,50.849998474121094,50.900001525878906,7588300,51.95000076293945,51.880001068115234,26.27094841003418
07-05-2008,51.310001373291016,51.970001220703125,6391400,52.20000076293945,51.689998626708984,26.174734115600586
08-05-2008,51.5,51.650001525878906,6669700,52.209999084472656,52.20000076293945,26.43299674987793
09-05-2008,51.529998779296875,51.900001525878906,5491700,52.459999084472656,51.83000183105469,26.245637893676758
12-05-2008,51.29999923706055,51.97999954223633,5851300,52.540000915527344,52.470001220703125,26.56971549987793
13-05-2008,52.040000915527344,52.41999816894531,5986600,52.84000015258789,52.459999084472656,26.56464958190918
14-05-2008,52.400001525878906,52.5099983215332,5381500,52.849998474121094,52.66999816894531,26.670991897583008
15-05-2008,52.099998474121094,52.5099983215332,8376500,53.310001373291016,53.25,26.96470069885254
16-05-2008,52.349998474121094,53.22999954223633,7172600,53.5,53.380001068115234,27.03052520751953
19-05-2008,52.93000030517578,53.4900016784668,6580200,53.95000076293945,53.630001068115234,27.157106399536133
20-05-2008,52.81999969482422,53.29999923706055,6887400,53.939998626708984,52.90999984741211,26.792524337768555
21-05-2008,51.83000183105469,53.040000915527344,6784200,53.18000030517578,51.97999954223633,26.32158851623535
22-05-2008,51.779998779296875,51.81999969482422,5135200,52.77000045776367,52.279998779296875,26.473501205444336
23-05-2008,51.75,52.099998474121094,5197400,52.97999954223633,51.79999923706055,26.230443954467773
27-05-2008,51.119998931884766,51.91999816894531,6505400,51.939998626708984,51.630001068115234,26.144365310668945
28-05-2008,50.83000183105469,51.70000076293945,13524100,51.900001525878906,51.15999984741211,25.90635871887207
29-05-2008,50.93000030517578,50.959999084472656,7386900,52.15999984741211,52.02000045776367,26.341840744018555
30-05-2008,51.810001373291016,52.06999969482422,7047800,52.9900016784668,52.65999984741211,26.665925979614258
02-06-2008,51.91999816894531,52.150001525878906,8668100,52.70000076293945,52.11000061035156,26.387420654296875
03-06-2008,51.66999816894531,52.099998474121094,6552400,52.619998931884766,51.66999816894531,26.16461753845215
04-06-2008,51.5,51.689998626708984,6407400,52.27000045776367,51.95000076293945,26.306400299072266
05-06-2008,51.540000915527344,52.029998779296875,6407400,52.2400016784668,51.810001373291016,26.235509872436523
06-06-2008,50.400001525878906,51.5,10198500,51.5099983215332,50.5,25.572154998779297
09-06-2008,49.18000030517578,50.79999923706055,9937000,50.95000076293945,49.4900016784668,25.060714721679688
10-06-2008,48.529998779296875,49.0099983215332,8847000,49.650001525878906,49.4900016784668,25.060714721679688
11-06-2008,49.119998931884766,49.4900016784668,12367200,50.599998474121094,49.86000061035156,25.24807357788086
12-06-2008,49.869998931884766,49.869998931884766,11782900,51.380001068115234,51.290000915527344,25.972198486328125
13-06-2008,50.70000076293945,51.279998779296875,7365600,51.880001068115234,51.61000061035156,26.134231567382812
16-06-2008,50.2400016784668,51.16999816894531,8251100,51.16999816894531,50.72999954223633,25.68862533569336
17-06-2008,50.119998931884766,50.54999923706055,5633800,50.970001220703125,50.630001068115234,25.63798713684082
18-06-2008,49.81999969482422,50.220001220703125,9967500,50.560001373291016,49.900001525878906,25.268325805664062
19-06-2008,49.70000076293945,49.79999923706055,9591400,50.58000183105469,50.400001525878906,25.521507263183594
20-06-2008,49.77000045776367,50.06999969482422,11448200,50.59000015258789,50.220001220703125,25.43035888671875
23-06-2008,49.900001525878906,50.33000183105469,6625800,50.70000076293945,50.63999938964844,25.643035888671875
24-06-2008,50.04999923706055,50.25,8976600,51.540000915527344,51.16999816894531,25.911428451538086
25-06-2008,51.25,51.45000076293945,10334100,52.75,51.77000045776367,26.215255737304688
26-06-2008,50.150001525878906,51.099998474121094,12055000,51.540000915527344,50.150001525878906,25.622587203979492
27-06-2008,49.220001220703125,50.11000061035156,15397700,50.25,49.83000183105469,25.45909309387207
30-06-2008,48.84000015258789,49.79999923706055,9972600,50.16999816894531,49.38999938964844,25.234289169311523
01-07-2008,48.72999954223633,49.029998779296875,11092000,50.59000015258789,50.38999938964844,25.745210647583008
02-07-2008,49.869998931884766,50.470001220703125,7956400,51.06999969482422,50.599998474121094,25.85249900817871
03-07-2008,50.290000915527344,50.56999969482422,5151300,51.5099983215332,51.470001220703125,26.297006607055664
07-07-2008,51.099998474121094,51.470001220703125,8395000,52.33000183105469,51.849998474121094,26.491140365600586
08-07-2008,51.560001373291016,51.72999954223633,13977700,54.0,53.77000045776367,27.472103118896484
09-07-2008,53.25,53.720001220703125,10411300,54.43000030517578,54.0,27.589618682861328
10-07-2008,52.709999084472656,53.88999938964844,11581100,53.9900016784668,53.439998626708984,27.303510665893555
11-07-2008,52.25,52.93000030517578,6588500,53.84000015258789,53.369998931884766,27.267738342285156
14-07-2008,52.75,53.2599983215332,8298900,53.88999938964844,53.560001373291016,27.364824295043945
15-07-2008,52.31999969482422,52.88999938964844,8306600,53.869998931884766,53.29999923706055,27.23198699951172
16-07-2008,51.72999954223633,52.77000045776367,6910000,53.369998931884766,52.91999816894531,27.037824630737305
17-07-2008,50.900001525878906,53.20000076293945,10317300,53.20000076293945,50.959999084472656,26.036420822143555
18-07-2008,50.119998931884766,51.099998474121094,9559600,51.470001220703125,50.720001220703125,25.91381072998047
21-07-2008,50.25,50.81999969482422,4370800,50.9900016784668,50.47999954223633,25.79119110107422
22-07-2008,50.060001373291016,50.25,8926900,52.099998474121094,52.04999923706055,26.593332290649414
23-07-2008,50.88999938964844,52.59000015258789,7943800,52.59000015258789,51.470001220703125,26.297006607055664
24-07-2008,51.400001525878906,51.400001525878906,8717600,53.09000015258789,52.459999084472656,26.802804946899414
25-07-2008,52.27000045776367,52.27000045776367,8066100,53.54999923706055,53.04999923706055,27.1042423248291
28-07-2008,52.34000015258789,52.779998779296875,5131000,53.25,52.619998931884766,26.884557723999023
29-07-2008,52.630001068115234,52.7400016784668,7257600,53.40999984741211,53.34000015258789,27.25242042541504
30-07-2008,52.66999816894531,53.560001373291016,7355800,54.02000045776367,53.369998931884766,27.267738342285156
31-07-2008,51.34000015258789,53.369998931884766,10498800,53.790000915527344,51.650001525878906,26.38897132873535
01-08-2008,51.75,51.75,6718500,52.599998474121094,52.08000183105469,26.608661651611328
04-08-2008,51.279998779296875,52.099998474121094,8962600,54.08000183105469,53.720001220703125,27.446565628051758
05-08-2008,53.599998474121094,53.70000076293945,12884400,55.540000915527344,55.20000076293945,28.202720642089844
06-08-2008,54.709999084472656,54.86000061035156,12660800,56.150001525878906,55.529998779296875,28.3713321685791
07-08-2008,54.29999923706055,55.130001068115234,9282200,55.310001373291016,54.63999938964844,27.916610717773438
08-08-2008,54.5,54.5,9266200,55.5,55.209999084472656,28.20783805847168
11-08-2008,54.63999938964844,54.70000076293945,9724400,55.75,55.75,28.483728408813477
12-08-2008,55.52000045776367,55.61000061035156,6690400,56.2599983215332,55.95000076293945,28.585906982421875
13-08-2008,55.369998931884766,55.86000061035156,7810200,55.9900016784668,55.540000915527344,28.376441955566406
14-08-2008,54.939998626708984,55.2400016784668,5723200,55.77000045776367,55.470001220703125,28.34067153930664
15-08-2008,55.25,55.5099983215332,6561300,55.70000076293945,55.56999969482422,28.391765594482422
18-08-2008,54.90999984741211,55.65999984741211,5742800,55.70000076293945,55.0099983215332,28.10565757751465
19-08-2008,54.45000076293945,54.7599983215332,5712500,55.189998626708984,54.5099983215332,27.850189208984375
20-08-2008,54.06999969482422,54.54999923706055,4411500,54.70000076293945,54.61000061035156,27.901277542114258
21-08-2008,53.54999923706055,54.20000076293945,4693100,55.04999923706055,54.81999969482422,28.00857925415039
22-08-2008,54.40999984741211,55.0,4342600,55.529998779296875,55.529998779296875,28.3713321685791
25-08-2008,54.560001373291016,55.29999923706055,4400200,55.65999984741211,54.869998931884766,28.03411865234375
26-08-2008,54.209999084472656,54.790000915527344,6995000,55.099998474121094,54.63999938964844,27.916610717773438
27-08-2008,53.709999084472656,54.75,5459100,54.88999938964844,54.099998474121094,27.64070701599121
28-08-2008,53.54999923706055,54.0099983215332,5426100,54.2599983215332,53.91999816894531,27.548749923706055
29-08-2008,53.65999984741211,53.7599983215332,6060100,54.459999084472656,53.70000076293945,27.436351776123047
02-09-2008,53.70000076293945,53.75,8835700,55.31999969482422,54.810001373291016,28.003461837768555
03-09-2008,54.0,54.75,8236900,55.47999954223633,54.06999969482422,27.62538719177246
04-09-2008,53.209999084472656,54.0,7565900,54.20000076293945,53.369998931884766,27.267738342285156
05-09-2008,53.2400016784668,53.349998474121094,7810500,54.209999084472656,54.0,27.589618682861328
08-09-2008,53.689998626708984,54.0,16614500,55.400001525878906,54.97999954223633,28.09033203125
09-09-2008,54.779998779296875,55.029998779296875,11236800,55.72999954223633,54.779998779296875,27.98814582824707
10-09-2008,54.31999969482422,54.900001525878906,9203000,55.18000030517578,54.619998931884766,27.906391143798828
11-09-2008,53.75,54.279998779296875,8566700,54.810001373291016,54.810001373291016,28.28309440612793
12-09-2008,53.25,54.38999938964844,8564300,54.650001525878906,53.68000030517578,27.699979782104492
15-09-2008,52.81999969482422,53.13999938964844,10481900,54.119998931884766,52.81999969482422,27.25620460510254
16-09-2008,49.459999084472656,51.970001220703125,15648800,54.25,53.77000045776367,27.746414184570312
17-09-2008,48.060001373291016,53.4900016784668,22145900,53.4900016784668,48.97999954223633,25.27469253540039
18-09-2008,49.720001220703125,49.720001220703125,22618300,52.75,50.0,25.8010196685791
19-09-2008,50.0,52.16999816894531,16822000,52.439998626708984,51.41999816894531,26.533777236938477
22-09-2008,49.59000015258789,50.810001373291016,10379600,51.97999954223633,50.029998779296875,25.816503524780273
23-09-2008,49.25,49.88999938964844,8218900,50.79999923706055,49.25,25.414020538330078
24-09-2008,48.95000076293945,49.540000915527344,9164800,50.189998626708984,49.790000915527344,25.69266700744629
25-09-2008,49.65999984741211,49.9900016784668,12454800,52.0,51.61000061035156,26.631818771362305
26-09-2008,50.0099983215332,50.7599983215332,9314100,51.380001068115234,50.900001525878906,26.26544952392578
29-09-2008,46.79999923706055,50.689998626708984,14648300,50.88999938964844,46.79999923706055,24.14976692199707
30-09-2008,47.689998626708984,48.099998474121094,14356400,49.75,48.099998474121094,24.82059097290039
01-10-2008,47.349998474121094,47.959999084472656,11718100,50.81999969482422,50.779998779296875,26.203521728515625
02-10-2008,48.75,50.38999938964844,11218400,51.95000076293945,49.08000183105469,25.32628631591797
03-10-2008,49.45000076293945,49.900001525878906,12181100,51.779998779296875,49.66999816894531,25.630741119384766
06-10-2008,44.0,48.439998626708984,25421600,49.5,46.119998931884766,23.798866271972656
07-10-2008,43.720001220703125,47.650001525878906,14791700,47.79999923706055,44.36000061035156,22.890666961669922
08-10-2008,41.369998931884766,41.95000076293945,18701800,45.27000045776367,43.04999923706055,22.214693069458008
09-10-2008,38.45000076293945,43.79999923706055,17782900,45.0,39.0,20.12479591369629
10-10-2008,33.29999923706055,37.0099983215332,29162700,45.0,39.7400016784668,20.506654739379883
13-10-2008,41.459999084472656,42.0,19808100,46.0,44.9900016784668,23.21576690673828
14-10-2008,42.189998626708984,46.869998931884766,18448000,46.959999084472656,44.040000915527344,22.725549697875977
15-10-2008,39.70000076293945,43.869998931884766,14561500,44.5,40.81999969482422,21.063966751098633
16-10-2008,39.400001525878906,41.150001525878906,17459500,43.880001068115234,43.0099983215332,22.194049835205078
17-10-2008,42.40999984741211,42.790000915527344,14269900,45.47999954223633,43.29999923706055,22.343692779541016
20-10-2008,43.0,43.77000045776367,11162500,45.09000015258789,43.38999938964844,22.39012908935547
21-10-2008,41.66999816894531,43.09000015258789,9769500,43.88999938964844,42.15999984741211,21.755430221557617
22-10-2008,40.29999923706055,42.5,14755100,43.369998931884766,40.83000183105469,21.069114685058594
23-10-2008,40.0,41.16999816894531,11903100,43.720001220703125,42.959999084472656,22.168251037597656
24-10-2008,39.0,39.880001068115234,13534300,41.5,40.5,20.898834228515625
27-10-2008,38.869998931884766,40.02000045776367,11106600,40.25,39.060001373291016,20.1557674407959
28-10-2008,38.27000045776367,40.2599983215332,15876000,42.97999954223633,42.58000183105469,21.9721622467041
29-10-2008,38.209999084472656,42.459999084472656,12468400,43.83000183105469,41.54999923706055,21.440664291381836
30-10-2008,40.75,42.779998779296875,8336900,43.43000030517578,42.79999923706055,22.085681915283203
31-10-2008,41.869998931884766,42.439998626708984,11919800,44.31999969482422,43.470001220703125,22.43142318725586
03-11-2008,42.459999084472656,43.22999954223633,6143200,43.349998474121094,42.61000061035156,21.98764991760254
04-11-2008,43.400001525878906,43.75,9852900,44.939998626708984,44.75,23.091922760009766
05-11-2008,43.5099983215332,43.93000030517578,10004000,46.470001220703125,44.02000045776367,22.71523666381836
06-11-2008,40.36000061035156,43.5099983215332,11733200,44.0,40.880001068115234,21.094919204711914
07-11-2008,41.0099983215332,41.150001525878906,6935200,42.880001068115234,42.20000076293945,21.776071548461914
10-11-2008,41.29999923706055,42.880001068115234,6064100,43.27000045776367,42.11000061035156,21.7296199798584
11-11-2008,40.31999969482422,41.79999923706055,6880000,42.27000045776367,41.31999969482422,21.321962356567383
12-11-2008,38.75,41.0,13244600,41.0,39.099998474121094,20.176401138305664
13-11-2008,37.0099983215332,38.58000183105469,16381800,39.88999938964844,39.84000015258789,20.558263778686523
14-11-2008,38.0,39.400001525878906,15140300,39.65999984741211,38.40999984741211,19.820348739624023
17-11-2008,37.15999984741211,37.16999816894531,10496100,39.97999954223633,38.349998474121094,19.78938865661621
18-11-2008,36.59000015258789,38.33000183105469,16243100,39.0,38.54999923706055,19.892587661743164
19-11-2008,36.22999954223633,38.310001373291016,13955700,38.7599983215332,36.63999938964844,18.906991958618164
20-11-2008,36.04999923706055,36.220001220703125,19557600,39.43000030517578,36.630001068115234,18.901838302612305
21-11-2008,36.0,37.47999954223633,19190300,38.369998931884766,38.2599983215332,19.742952346801758
24-11-2008,38.2400016784668,38.9900016784668,19287100,43.2400016784668,41.83000183105469,21.585140228271484
25-11-2008,40.41999816894531,42.279998779296875,18246400,43.310001373291016,41.20000076293945,21.260047912597656
26-11-2008,39.81999969482422,40.43000030517578,8658000,42.560001373291016,42.5,21.930877685546875
28-11-2008,41.650001525878906,42.33000183105469,4651400,42.95000076293945,42.15999984741211,21.755430221557617
01-12-2008,39.380001068115234,40.90999984741211,11708900,41.63999938964844,39.68000030517578,20.47569465637207
02-12-2008,39.099998474121094,40.349998474121094,12697300,40.59000015258789,40.029998779296875,20.656307220458984
03-12-2008,39.0,39.0,9148700,41.95000076293945,41.61000061035156,21.471622467041016
04-12-2008,40.40999984741211,41.20000076293945,10659500,41.95000076293945,40.86000061035156,21.08460807800293
05-12-2008,39.970001220703125,40.279998779296875,11548000,42.400001525878906,42.36000061035156,21.85863494873047
08-12-2008,41.75,43.25,10048200,43.5,42.65999984741211,22.013437271118164
09-12-2008,41.779998779296875,41.79999923706055,12248300,42.400001525878906,41.970001220703125,21.657384872436523
10-12-2008,41.41999816894531,41.95000076293945,10514500,42.689998626708984,42.29999923706055,21.827667236328125
11-12-2008,41.5099983215332,41.90999984741211,10582000,42.7400016784668,41.95000076293945,21.647064208984375
12-12-2008,40.20000076293945,40.75,8789500,41.709999084472656,41.36000061035156,21.34261131286621
15-12-2008,40.119998931884766,41.04999923706055,10763100,41.900001525878906,41.540000915527344,21.43549156188965
16-12-2008,40.0,41.13999938964844,16539600,41.599998474121094,41.02000045776367,21.167158126831055
17-12-2008,40.5,40.5,12391700,42.810001373291016,42.029998779296875,21.688339233398438
18-12-2008,41.59000015258789,42.22999954223633,13240600,42.97999954223633,41.959999084472656,21.652223587036133
19-12-2008,41.72999954223633,42.41999816894531,23861000,42.9900016784668,41.849998474121094,21.595458984375
22-12-2008,41.439998626708984,41.90999984741211,9734300,42.279998779296875,42.16999816894531,21.760587692260742
23-12-2008,41.349998474121094,41.36000061035156,7614700,42.810001373291016,41.72999954223633,21.8128604888916
24-12-2008,41.400001525878906,41.97999954223633,2736400,42.58000183105469,42.41999816894531,22.173532485961914
26-12-2008,42.25,42.58000183105469,2911500,42.93000030517578,42.459999084472656,22.19444465637207
29-12-2008,42.02000045776367,42.5,10159000,43.16999816894531,43.15999984741211,22.560333251953125
30-12-2008,43.0099983215332,43.38999938964844,8737700,44.150001525878906,43.90999984741211,22.952383041381836
31-12-2008,43.310001373291016,43.93000030517578,7886100,44.5,43.5099983215332,22.7432918548584
02-01-2009,43.279998779296875,43.470001220703125,7250900,45.0,44.119998931884766,23.0621395111084
05-01-2009,43.5099983215332,43.790000915527344,6636900,44.72999954223633,44.470001220703125,23.24510383605957
06-01-2009,42.93000030517578,44.470001220703125,14051200,45.02000045776367,43.2400016784668,22.602153778076172
07-01-2009,42.369998931884766,43.06999969482422,9346100,43.650001525878906,42.70000076293945,22.319900512695312
08-01-2009,42.0,42.56999969482422,8728300,42.88999938964844,42.70000076293945,22.319900512695312
09-01-2009,42.11000061035156,42.86000061035156,8594600,43.33000183105469,42.31999969482422,22.121265411376953
12-01-2009,41.650001525878906,42.310001373291016,8829000,43.029998779296875,41.83000183105469,21.865137100219727
13-01-2009,41.630001068115234,41.88999938964844,9938300,42.79999923706055,42.189998626708984,22.05330467224121
14-01-2009,40.65999984741211,41.439998626708984,10078000,41.7400016784668,41.560001373291016,21.7239933013916
15-01-2009,40.70000076293945,41.33000183105469,9398100,41.939998626708984,41.47999954223633,21.68218231201172
16-01-2009,40.939998626708984,41.93000030517578,9670400,42.45000076293945,42.119998931884766,22.016719818115234
20-01-2009,41.33000183105469,41.97999954223633,9878900,42.86000061035156,41.47999954223633,21.68218231201172
21-01-2009,40.400001525878906,42.029998779296875,10609200,42.029998779296875,41.40999984741211,21.645587921142578
22-01-2009,40.400001525878906,41.099998474121094,9756100,41.220001220703125,40.959999084472656,21.410371780395508
23-01-2009,39.75,40.529998779296875,9972300,41.439998626708984,41.220001220703125,21.546276092529297
26-01-2009,40.880001068115234,41.31999969482422,9750300,42.380001068115234,41.130001068115234,21.499231338500977
27-01-2009,40.02000045776367,41.279998779296875,11807500,41.81999969482422,40.150001525878906,20.986974716186523
28-01-2009,39.599998474121094,40.810001373291016,9369300,40.84000015258789,39.9900016784668,20.903339385986328
29-01-2009,38.65999984741211,39.709999084472656,9528900,40.20000076293945,38.75,20.255168914794922
30-01-2009,36.9900016784668,38.970001220703125,19184600,39.0099983215332,37.150001525878906,19.41883659362793
02-02-2009,36.650001525878906,36.68000030517578,11974800,37.72999954223633,37.40999984741211,19.554738998413086
03-02-2009,37.470001220703125,37.97999954223633,11844600,38.650001525878906,38.31999969482422,20.030410766601562
04-02-2009,35.150001525878906,38.5099983215332,20294800,38.709999084472656,36.779998779296875,19.22542381286621
05-02-2009,35.81999969482422,36.11000061035156,14638200,37.29999923706055,37.2599983215332,19.476327896118164
06-02-2009,36.52000045776367,37.209999084472656,12779500,37.459999084472656,36.83000183105469,19.251567840576172
09-02-2009,36.529998779296875,36.75,8706900,37.029998779296875,36.720001220703125,19.194063186645508
10-02-2009,35.900001525878906,36.650001525878906,12692000,36.900001525878906,36.040000915527344,18.8386173248291
11-02-2009,35.95000076293945,36.310001373291016,10399900,36.560001373291016,36.369998931884766,19.01111602783203
12-02-2009,35.79999923706055,36.0099983215332,11930000,36.470001220703125,36.150001525878906,18.896114349365234
13-02-2009,35.68000030517578,36.09000015258789,11326400,36.2599983215332,35.9900016784668,18.812484741210938
17-02-2009,34.5,35.31999969482422,12750800,35.400001525878906,34.72999954223633,18.15385627746582
18-02-2009,34.790000915527344,34.959999084472656,13314100,35.630001068115234,35.400001525878906,18.50408363342285
19-02-2009,35.40999984741211,35.81999969482422,9859700,36.040000915527344,35.90999984741211,18.77066993713379
20-02-2009,35.25,35.290000915527344,13236100,35.91999816894531,35.630001068115234,18.624300003051758
23-02-2009,35.029998779296875,36.06999969482422,10778400,36.06999969482422,35.11000061035156,18.35249137878418
24-02-2009,34.599998474121094,35.34000015258789,12551600,35.34000015258789,34.900001525878906,18.242727279663086
25-02-2009,34.5099983215332,34.779998779296875,26323300,35.20000076293945,34.79999923706055,18.190448760986328
26-02-2009,34.20000076293945,35.08000183105469,10910900,35.45000076293945,34.209999084472656,17.882047653198242
27-02-2009,33.41999816894531,33.65999984741211,13862200,34.11000061035156,33.470001220703125,17.4952449798584
02-03-2009,32.529998779296875,32.790000915527344,16290300,33.5,32.75,17.118892669677734
03-03-2009,32.25,32.61000061035156,14967700,33.04999923706055,32.34000015258789,16.904573440551758
04-03-2009,32.599998474121094,32.86000061035156,14920300,33.720001220703125,33.4900016784668,17.50569725036621
05-03-2009,32.040000915527344,32.790000915527344,16889400,33.099998474121094,32.95000076293945,17.223438262939453
06-03-2009,32.5099983215332,33.189998626708984,15374600,33.45000076293945,33.34000015258789,17.427289962768555
09-03-2009,32.959999084472656,33.0,12549200,34.279998779296875,34.06999969482422,17.808866500854492
10-03-2009,33.36000061035156,34.59000015258789,11017200,34.59000015258789,34.04999923706055,17.798419952392578
11-03-2009,33.459999084472656,34.33000183105469,9251500,34.439998626708984,33.650001525878906,17.589332580566406
12-03-2009,33.279998779296875,33.75,7669500,34.709999084472656,34.63999938964844,18.106813430786133
13-03-2009,34.75,34.849998474121094,11342200,36.150001525878906,36.0099983215332,18.822940826416016
16-03-2009,36.16999816894531,36.220001220703125,9206700,37.45000076293945,37.15999984741211,19.424060821533203
17-03-2009,36.470001220703125,36.86000061035156,13755200,38.779998779296875,38.599998474121094,20.176767349243164
18-03-2009,37.95000076293945,38.220001220703125,12208500,39.2599983215332,38.279998779296875,20.00949478149414
19-03-2009,37.150001525878906,38.2599983215332,12822800,38.400001525878906,37.209999084472656,19.4502010345459
20-03-2009,37.400001525878906,37.400001525878906,18304800,38.689998626708984,38.36000061035156,20.05130958557129
23-03-2009,37.56999969482422,38.650001525878906,13056400,38.650001525878906,38.119998931884766,20.21036148071289
24-03-2009,37.720001220703125,37.720001220703125,13010100,39.09000015258789,38.79999923706055,20.570894241333008
25-03-2009,38.189998626708984,39.099998474121094,7969300,39.279998779296875,38.58000183105469,20.454252243041992
26-03-2009,37.970001220703125,38.810001373291016,12736300,38.84000015258789,38.29999923706055,20.305797576904297
27-03-2009,37.27000045776367,38.36000061035156,8728900,38.38999938964844,37.58000183105469,19.92407989501953
30-03-2009,36.45000076293945,37.4900016784668,8717500,37.880001068115234,36.72999954223633,19.47342300415039
31-03-2009,35.4900016784668,36.599998474121094,14856400,36.939998626708984,35.58000183105469,18.863719940185547
01-04-2009,35.150001525878906,35.220001220703125,10944400,36.369998931884766,36.220001220703125,19.203033447265625
02-04-2009,35.689998626708984,36.439998626708984,13244100,36.630001068115234,36.09000015258789,19.134103775024414
03-04-2009,35.79999923706055,36.040000915527344,10122200,36.38999938964844,36.20000076293945,19.19242286682129
06-04-2009,35.970001220703125,36.290000915527344,8652200,37.45000076293945,37.33000183105469,19.791528701782227
07-04-2009,36.599998474121094,36.849998474121094,11754800,37.5,36.97999954223633,19.605958938598633
08-04-2009,36.650001525878906,37.18000030517578,8867500,38.349998474121094,38.25,20.2792911529541
09-04-2009,37.439998626708984,38.959999084472656,7901000,38.959999084472656,37.709999084472656,19.99300193786621
13-04-2009,36.970001220703125,37.5099983215332,6492600,37.81999969482422,37.08000183105469,19.65898895263672
14-04-2009,35.90999984741211,36.7400016784668,8350900,36.79999923706055,36.439998626708984,19.319664001464844
15-04-2009,36.220001220703125,36.220001220703125,8083600,37.869998931884766,37.79999923706055,20.040706634521484
16-04-2009,37.02000045776367,38.08000183105469,7073300,38.08000183105469,38.0,20.146753311157227
17-04-2009,37.18000030517578,38.09000015258789,8923900,38.16999816894531,37.31999969482422,19.786226272583008
20-04-2009,36.689998626708984,36.880001068115234,8869300,37.630001068115234,36.90999984741211,19.568845748901367
21-04-2009,36.459999084472656,36.810001373291016,7414300,37.13999938964844,36.88999938964844,19.558242797851562
22-04-2009,36.25,36.65999984741211,9480500,37.220001220703125,36.25,19.218942642211914
23-04-2009,36.029998779296875,36.41999816894531,8630200,37.349998474121094,37.0,19.61656951904297
24-04-2009,37.04999923706055,37.2599983215332,9252600,37.959999084472656,37.43000030517578,19.84454917907715
27-04-2009,36.970001220703125,36.970001220703125,7162400,37.650001525878906,37.189998626708984,19.71730613708496
28-04-2009,36.650001525878906,36.79999923706055,7996400,37.369998931884766,36.83000183105469,19.526445388793945
29-04-2009,36.58000183105469,36.849998474121094,9783500,37.630001068115234,36.84000015258789,19.531747817993164
30-04-2009,36.189998626708984,37.060001373291016,18185200,37.34000015258789,36.20000076293945,19.19242286682129
01-05-2009,36.18000030517578,36.279998779296875,8875400,37.20000076293945,37.18000030517578,19.712003707885742
04-05-2009,37.20000076293945,37.279998779296875,8676300,38.20000076293945,38.130001068115234,20.215669631958008
05-05-2009,37.18000030517578,37.939998626708984,6827400,38.279998779296875,37.290000915527344,19.77031898498535
06-05-2009,37.25,37.70000076293945,11361000,39.599998474121094,39.290000915527344,20.83068084716797
07-05-2009,39.02000045776367,39.47999954223633,14231000,40.90999984741211,40.869998931884766,21.66836166381836
08-05-2009,40.5099983215332,41.18000030517578,8746800,41.65999984741211,41.099998474121094,21.79029655456543
11-05-2009,40.04999923706055,40.5099983215332,7628300,40.90999984741211,40.54999923706055,21.498699188232422
12-05-2009,40.33000183105469,40.7599983215332,10475100,42.16999816894531,41.84000015258789,22.182628631591797
13-05-2009,40.869998931884766,41.380001068115234,8644100,42.040000915527344,41.77000045776367,22.145505905151367
14-05-2009,41.630001068115234,41.720001220703125,9419200,42.70000076293945,42.41999816894531,22.490131378173828
15-05-2009,41.849998474121094,42.45000076293945,11214600,43.33000183105469,43.16999816894531,22.88776206970215
18-05-2009,42.47999954223633,43.45000076293945,9992400,43.70000076293945,42.689998626708984,22.633285522460938
19-05-2009,41.97999954223633,42.599998474121094,9561600,42.720001220703125,42.220001220703125,22.38408851623535
20-05-2009,42.060001373291016,42.529998779296875,7575100,43.470001220703125,43.189998626708984,22.898361206054688
21-05-2009,42.29999923706055,43.130001068115234,7137700,43.130001068115234,42.810001373291016,22.69689178466797
22-05-2009,42.13999938964844,42.13999938964844,5314000,43.18000030517578,42.709999084472656,22.64388656616211
26-05-2009,41.849998474121094,42.459999084472656,10845800,42.56999969482422,42.130001068115234,22.33637809753418
27-05-2009,41.31999969482422,42.04999923706055,8896000,42.099998474121094,41.650001525878906,22.081893920898438
28-05-2009,41.45000076293945,41.45000076293945,7339600,42.880001068115234,42.540000915527344,22.553752899169922
29-05-2009,41.95000076293945,42.720001220703125,8213000,42.720001220703125,42.63999938964844,22.606773376464844
01-06-2009,42.68000030517578,42.68000030517578,9056300,43.880001068115234,43.630001068115234,23.131643295288086
02-06-2009,43.33000183105469,43.4900016784668,7371900,44.88999938964844,44.599998474121094,23.645917892456055
03-06-2009,43.91999816894531,44.13999938964844,10864300,44.529998779296875,44.189998626708984,23.42854118347168
04-06-2009,43.439998626708984,44.150001525878906,7750800,44.65999984741211,44.43000030517578,23.555784225463867
05-06-2009,44.060001373291016,44.70000076293945,8512800,45.439998626708984,44.099998474121094,23.380828857421875
08-06-2009,43.439998626708984,43.779998779296875,6577900,44.970001220703125,44.529998779296875,23.608808517456055
09-06-2009,43.54999923706055,44.56999969482422,11056800,44.56999969482422,43.849998474121094,23.24828338623047
10-06-2009,42.790000915527344,43.86000061035156,8962500,44.290000915527344,43.52000045776367,23.073322296142578
11-06-2009,43.400001525878906,43.41999816894531,10803200,44.9900016784668,43.880001068115234,23.264192581176758
12-06-2009,43.20000076293945,43.66999816894531,7668100,44.5,43.52000045776367,23.073322296142578
15-06-2009,42.83000183105469,43.09000015258789,10373700,43.58000183105469,42.88999938964844,22.739309310913086
16-06-2009,42.220001220703125,43.099998474121094,9264500,43.279998779296875,42.2599983215332,22.40530776977539
17-06-2009,41.81999969482422,42.220001220703125,8242700,42.36000061035156,41.900001525878906,22.21444320678711
18-06-2009,41.939998626708984,42.040000915527344,10791600,43.119998931884766,42.529998779296875,22.548450469970703
19-06-2009,42.0,42.709999084472656,17642100,42.900001525878906,42.150001525878906,22.346981048583984
22-06-2009,41.150001525878906,41.540000915527344,14083200,41.7599983215332,41.58000183105469,22.330873489379883
23-06-2009,41.279998779296875,41.310001373291016,10973300,41.72999954223633,41.459999084472656,22.266429901123047
24-06-2009,41.34000015258789,41.560001373291016,9114600,41.9900016784668,41.630001068115234,22.357723236083984
25-06-2009,41.380001068115234,41.41999816894531,8934400,43.060001373291016,42.97999954223633,23.082746505737305
26-06-2009,41.75,41.900001525878906,8200400,42.9900016784668,42.61000061035156,22.884048461914062
29-06-2009,42.5,42.77000045776367,7483800,43.439998626708984,43.38999938964844,23.302942276000977
30-06-2009,42.5099983215332,43.470001220703125,14363200,43.720001220703125,43.619998931884766,23.426462173461914
01-07-2009,43.79999923706055,43.900001525878906,9547600,44.61000061035156,44.09000015258789,23.67889404296875
02-07-2009,42.83000183105469,43.599998474121094,8503900,43.97999954223633,42.939998626708984,23.061269760131836
06-07-2009,42.29999923706055,42.599998474121094,7843300,44.31999969482422,44.150001525878906,23.711111068725586
07-07-2009,43.63999938964844,44.060001373291016,9543000,44.84000015258789,43.75,23.496288299560547
08-07-2009,43.2400016784668,43.9900016784668,8664800,44.2400016784668,43.4900016784668,23.35664939880371
09-07-2009,42.130001068115234,43.65999984741211,7482700,43.65999984741211,42.34000015258789,22.739044189453125
10-07-2009,42.02000045776367,43.060001373291016,6827000,43.56999969482422,42.349998474121094,22.74440574645996
13-07-2009,42.290000915527344,42.540000915527344,6203100,43.119998931884766,42.900001525878906,23.039783477783203
14-07-2009,42.52000045776367,42.869998931884766,6033000,42.97999954223633,42.65999984741211,22.910892486572266
15-07-2009,42.75,42.880001068115234,6779000,44.08000183105469,44.029998779296875,23.64665985107422
16-07-2009,43.0099983215332,43.5,7422300,43.869998931884766,43.29999923706055,23.254606246948242
17-07-2009,43.029998779296875,43.5,6574300,44.06999969482422,44.0,23.630550384521484
20-07-2009,43.22999954223633,44.220001220703125,9231100,44.220001220703125,43.95000076293945,23.603710174560547
21-07-2009,43.349998474121094,44.06999969482422,5925600,44.4900016784668,43.900001525878906,23.576841354370117
22-07-2009,43.709999084472656,43.79999923706055,5176300,44.25,43.880001068115234,23.56610870361328
23-07-2009,44.349998474121094,44.439998626708984,11303200,47.0,46.02000045776367,24.71539878845215
24-07-2009,45.59000015258789,45.900001525878906,9537600,47.38999938964844,47.29999923706055,25.40283966064453
27-07-2009,46.34000015258789,47.16999816894531,8754300,48.630001068115234,46.70000076293945,25.08061408996582
28-07-2009,45.7400016784668,45.7400016784668,7305300,46.58000183105469,46.47999954223633,24.962451934814453
29-07-2009,46.029998779296875,46.25,5761000,46.959999084472656,46.81999969482422,25.14504051208496
30-07-2009,46.650001525878906,46.90999984741211,6425200,47.4900016784668,46.81999969482422,25.14504051208496
31-07-2009,46.43000030517578,46.68000030517578,6473700,47.7400016784668,46.599998474121094,25.026897430419922
03-08-2009,46.650001525878906,47.029998779296875,9388900,47.88999938964844,46.81999969482422,25.14504051208496
04-08-2009,46.54999923706055,46.779998779296875,5132200,47.349998474121094,46.97999954223633,25.230974197387695
05-08-2009,46.5,46.90999984741211,6272700,47.060001373291016,46.77000045776367,25.118196487426758
06-08-2009,46.34000015258789,46.84000015258789,4758300,47.02000045776367,46.9900016784668,25.23635482788086
07-08-2009,46.70000076293945,47.310001373291016,5111600,47.470001220703125,47.060001373291016,25.273942947387695
10-08-2009,46.59000015258789,46.630001068115234,5780900,47.2400016784668,47.20000076293945,25.34913444519043
11-08-2009,46.72999954223633,47.189998626708984,6113300,47.79999923706055,46.790000915527344,25.128938674926758
12-08-2009,46.47999954223633,46.599998474121094,5808900,47.150001525878906,46.540000915527344,24.994672775268555
13-08-2009,46.04999923706055,46.540000915527344,5642900,46.779998779296875,46.43000030517578,24.93560218811035
14-08-2009,46.029998779296875,46.310001373291016,4689400,46.95000076293945,46.619998931884766,25.037639617919922
17-08-2009,45.38999938964844,46.08000183105469,7421600,46.7400016784668,45.459999084472656,24.41465187072754
18-08-2009,45.029998779296875,45.45000076293945,6601600,46.70000076293945,46.31999969482422,24.876527786254883
19-08-2009,45.400001525878906,46.0,7579800,46.099998474121094,45.790000915527344,24.591882705688477
20-08-2009,45.619998931884766,45.779998779296875,5494100,46.63999938964844,46.47999954223633,24.962451934814453
21-08-2009,46.38999938964844,46.70000076293945,7337000,47.18000030517578,46.869998931884766,25.171905517578125
24-08-2009,46.66999816894531,46.66999816894531,6390600,47.560001373291016,47.43000030517578,25.472646713256836
25-08-2009,46.779998779296875,47.34000015258789,9507000,47.52000045776367,46.79999923706055,25.134307861328125
26-08-2009,46.54999923706055,46.630001068115234,7146900,47.25,46.68000030517578,25.069866180419922
27-08-2009,46.0,46.66999816894531,6784100,46.900001525878906,46.27000045776367,24.849672317504883
28-08-2009,45.290000915527344,46.099998474121094,7727300,46.2599983215332,45.36000061035156,24.36095428466797
31-08-2009,45.2400016784668,45.2400016784668,8126700,45.900001525878906,45.709999084472656,24.54891586303711
01-09-2009,45.08000183105469,45.66999816894531,7414300,45.93000030517578,45.15999984741211,24.253543853759766
02-09-2009,45.0,45.04999923706055,6145200,45.9900016784668,45.63999938964844,24.511323928833008
03-09-2009,45.130001068115234,45.95000076293945,7037900,45.95000076293945,45.81999969482422,24.60799217224121
04-09-2009,45.650001525878906,45.7599983215332,4768900,46.13999938964844,46.04999923706055,24.731515884399414
08-09-2009,45.91999816894531,46.38999938964844,10048800,47.47999954223633,47.45000076293945,25.483400344848633
09-09-2009,46.7599983215332,47.25,6826100,47.630001068115234,47.220001220703125,25.359886169433594
10-09-2009,46.459999084472656,47.2400016784668,6629700,47.47999954223633,46.81999969482422,25.14504051208496
11-09-2009,46.619998931884766,46.75,7410600,47.84000015258789,47.41999816894531,25.4672908782959
14-09-2009,46.810001373291016,47.0099983215332,7043700,47.9900016784668,47.65999984741211,25.596176147460938
15-09-2009,46.709999084472656,47.75,7110100,47.900001525878906,46.900001525878906,25.18801498413086
16-09-2009,46.91999816894531,47.119998931884766,7671100,47.54999923706055,47.5,25.5102481842041
17-09-2009,47.470001220703125,47.5099983215332,7710400,48.02000045776367,47.529998779296875,25.526371002197266
18-09-2009,47.650001525878906,47.650001525878906,17568500,48.5,48.18000030517578,25.875452041625977
21-09-2009,48.0,48.099998474121094,5370500,48.540000915527344,48.43000030517578,26.009716033935547
22-09-2009,48.220001220703125,48.650001525878906,7484100,48.93000030517578,48.93000030517578,26.278244018554688
23-09-2009,48.900001525878906,49.040000915527344,8995600,49.95000076293945,49.400001525878906,26.530677795410156
24-09-2009,48.150001525878906,49.099998474121094,10624100,49.099998474121094,48.290000915527344,26.242645263671875
25-09-2009,47.5,48.099998474121094,6395200,48.20000076293945,47.63999938964844,25.889404296875
28-09-2009,47.65999984741211,47.70000076293945,4432700,48.290000915527344,48.02000045776367,26.095905303955078
29-09-2009,48.02000045776367,48.13999938964844,5636300,48.959999084472656,48.720001220703125,26.476320266723633
30-09-2009,47.90999984741211,48.709999084472656,8976900,48.849998474121094,48.7400016784668,26.487178802490234
01-10-2009,48.119998931884766,48.68000030517578,7630200,48.7400016784668,48.31999969482422,26.258947372436523
02-10-2009,48.0,48.119998931884766,6963100,48.4900016784668,48.36000061035156,26.280681610107422
05-10-2009,47.77000045776367,48.5,9709500,49.27000045776367,49.04999923706055,26.655654907226562
06-10-2009,49.130001068115234,49.16999816894531,8904300,50.029998779296875,49.90999984741211,27.12301254272461
07-10-2009,49.400001525878906,49.79999923706055,9683800,49.86000061035156,49.59000015258789,26.949111938476562
08-10-2009,49.7400016784668,49.86000061035156,7524100,50.599998474121094,50.349998474121094,27.36211585998535
09-10-2009,49.86000061035156,50.66999816894531,5219400,50.970001220703125,50.189998626708984,27.275169372558594
12-10-2009,50.04999923706055,50.380001068115234,3310400,50.54999923706055,50.45000076293945,27.416471481323242
13-10-2009,49.63999938964844,50.279998779296875,5416900,50.400001525878906,49.880001068115234,27.106706619262695
14-10-2009,49.5099983215332,50.119998931884766,5591900,50.58000183105469,50.33000183105469,27.35125732421875
15-10-2009,50.08000183105469,50.09000015258789,7219200,50.70000076293945,50.380001068115234,27.37842559814453
16-10-2009,50.08000183105469,50.189998626708984,8630700,51.25,50.95000076293945,27.688194274902344
19-10-2009,50.7599983215332,51.060001373291016,6689900,51.779998779296875,51.45000076293945,27.959901809692383
20-10-2009,51.45000076293945,51.560001373291016,8639700,52.349998474121094,51.54999923706055,28.01424789428711
21-10-2009,50.43000030517578,51.29999923706055,7966000,51.70000076293945,50.81999969482422,27.617536544799805
22-10-2009,48.5,50.689998626708984,13783700,50.790000915527344,49.459999084472656,26.878461837768555
23-10-2009,48.68000030517578,49.369998931884766,7676500,49.439998626708984,49.06999969482422,26.666521072387695
26-10-2009,48.599998474121094,49.2599983215332,7051800,49.52000045776367,48.75,26.49262809753418
27-10-2009,48.38999938964844,48.779998779296875,7695000,49.25,48.90999984741211,26.57956886291504
28-10-2009,48.58000183105469,48.650001525878906,8683600,49.470001220703125,48.959999084472656,26.606746673583984
29-10-2009,48.45000076293945,48.9900016784668,7444900,49.33000183105469,49.0099983215332,26.6339168548584
30-10-2009,47.06999969482422,49.0,15503500,49.0,47.36000061035156,25.737247467041016
02-11-2009,47.08000183105469,47.380001068115234,9781700,48.709999084472656,48.56999969482422,26.394794464111328
03-11-2009,47.650001525878906,48.2599983215332,8170400,48.380001068115234,47.849998474121094,26.00353240966797
04-11-2009,47.290000915527344,48.029998779296875,8214700,48.220001220703125,47.380001068115234,25.748109817504883
05-11-2009,47.599998474121094,47.599998474121094,8068900,48.790000915527344,48.65999984741211,26.443716049194336
06-11-2009,48.189998626708984,48.47999954223633,6527600,48.91999816894531,48.83000183105469,26.536100387573242
09-11-2009,48.95000076293945,49.11000061035156,6462200,50.0,49.869998931884766,27.101272583007812
10-11-2009,49.43000030517578,49.619998931884766,5521100,50.369998931884766,49.83000183105469,27.079540252685547
11-11-2009,49.290000915527344,50.06999969482422,4880900,50.25,49.349998474121094,26.818675994873047
12-11-2009,49.25,49.2599983215332,6943900,50.25,49.959999084472656,27.15019416809082
13-11-2009,49.7400016784668,50.06999969482422,5836000,50.290000915527344,50.150001525878906,27.253442764282227
16-11-2009,50.0,50.099998474121094,8650100,50.849998474121094,50.63999938964844,27.519731521606445
17-11-2009,50.40999984741211,50.5099983215332,6530400,50.97999954223633,50.61000061035156,27.503416061401367
18-11-2009,50.20000076293945,50.4900016784668,6059900,50.61000061035156,50.52000045776367,27.454509735107422
19-11-2009,49.90999984741211,50.209999084472656,6392100,50.380001068115234,50.13999938964844,27.248008728027344
20-11-2009,49.630001068115234,50.0099983215332,7772400,50.279998779296875,49.72999954223633,27.025196075439453
23-11-2009,49.66999816894531,49.880001068115234,7239600,50.380001068115234,50.06999969482422,27.2099609375
24-11-2009,50.04999923706055,50.09000015258789,8046800,50.720001220703125,50.31999969482422,27.345821380615234
25-11-2009,50.150001525878906,50.349998474121094,5797300,50.56999969482422,50.310001373291016,27.34039306640625
27-11-2009,49.119998931884766,49.4900016784668,3605100,50.25,49.9900016784668,27.166481018066406
30-11-2009,48.0099983215332,49.959999084472656,17340200,49.9900016784668,48.09000015258789,26.13394546508789
01-12-2009,48.5,48.529998779296875,9529700,49.470001220703125,49.16999816894531,26.720870971679688
02-12-2009,49.060001373291016,49.16999816894531,5426800,49.83000183105469,49.16999816894531,26.720870971679688
03-12-2009,49.130001068115234,49.20000076293945,8830500,49.83000183105469,49.47999954223633,26.889333724975586
04-12-2009,49.41999816894531,49.779998779296875,8208200,50.5,49.81999969482422,27.074100494384766
07-12-2009,49.540000915527344,49.61000061035156,8917400,50.150001525878906,49.84000015258789,27.08496856689453
08-12-2009,48.45000076293945,49.599998474121094,8198300,49.90999984741211,49.040000915527344,26.650226593017578
09-12-2009,48.65999984741211,49.4900016784668,7889500,49.66999816894531,49.060001373291016,26.661094665527344
10-12-2009,48.70000076293945,49.27000045776367,6891500,49.59000015258789,48.869998931884766,26.557830810546875
11-12-2009,48.400001525878906,48.869998931884766,9229600,49.31999969482422,48.47999954223633,26.34589195251465
14-12-2009,49.33000183105469,49.560001373291016,12467800,50.439998626708984,50.2599983215332,27.31321144104004
15-12-2009,49.75,49.810001373291016,7803800,50.38999938964844,50.06999969482422,27.2099609375
16-12-2009,49.93000030517578,50.0,9946200,50.540000915527344,50.08000183105469,27.215394973754883
17-12-2009,49.209999084472656,49.959999084472656,8658000,49.97999954223633,49.290000915527344,26.786073684692383
18-12-2009,48.31999969482422,49.77000045776367,20178700,49.77000045776367,48.65999984741211,26.443716049194336
21-12-2009,48.9900016784668,49.150001525878906,9102000,49.459999084472656,49.25,26.764345169067383
22-12-2009,49.349998474121094,49.41999816894531,7071100,49.83000183105469,49.599998474121094,26.954557418823242
23-12-2009,48.720001220703125,48.93000030517578,7117600,49.31999969482422,48.79999923706055,26.83357048034668
24-12-2009,48.7599983215332,48.7599983215332,2514400,49.08000183105469,48.900001525878906,26.888559341430664
28-12-2009,48.72999954223633,48.900001525878906,4449200,49.08000183105469,48.849998474121094,26.861064910888672
29-12-2009,48.599998474121094,48.779998779296875,4916000,48.9900016784668,48.849998474121094,26.861064910888672
30-12-2009,48.459999084472656,48.59000015258789,4561400,48.95000076293945,48.65999984741211,26.756593704223633
31-12-2009,48.119998931884766,48.59000015258789,4383100,48.880001068115234,48.189998626708984,26.498151779174805
04-01-2010,48.25,48.33000183105469,7844500,49.59000015258789,49.349998474121094,27.1359920501709
05-01-2010,48.7599983215332,49.369998931884766,7168600,49.56999969482422,48.91999816894531,26.899560928344727
06-01-2010,48.290000915527344,48.65999984741211,11777200,49.0,48.91999816894531,26.899560928344727
07-01-2010,48.560001373291016,48.77000045776367,8905400,49.599998474121094,49.529998779296875,27.23497772216797
08-01-2010,48.779998779296875,49.31999969482422,6580800,49.52000045776367,49.2599983215332,27.08651351928711
11-01-2010,49.25,49.779998779296875,6090900,49.79999923706055,49.439998626708984,27.18549156188965
12-01-2010,48.849998474121094,49.369998931884766,6752900,49.369998931884766,49.16999816894531,27.037029266357422
13-01-2010,49.16999816894531,49.16999816894531,5926400,49.88999938964844,49.66999816894531,27.31195640563965
14-01-2010,49.47999954223633,49.47999954223633,4602200,49.97999954223633,49.599998474121094,27.273475646972656
15-01-2010,49.459999084472656,49.65999984741211,8269200,49.970001220703125,49.619998931884766,27.284461975097656
19-01-2010,49.5099983215332,49.599998474121094,8804100,50.20000076293945,50.09000015258789,27.54291534423828
20-01-2010,48.70000076293945,49.900001525878906,6461400,49.90999984741211,49.2400016784668,27.075523376464844
21-01-2010,47.59000015258789,49.220001220703125,10276000,49.310001373291016,47.72999954223633,26.245216369628906
22-01-2010,46.709999084472656,47.599998474121094,8717000,47.77000045776367,46.810001373291016,25.739341735839844
25-01-2010,47.02000045776367,47.09000015258789,5880900,47.630001068115234,47.04999923706055,25.871301651000977
26-01-2010,46.689998626708984,46.689998626708984,5858200,47.400001525878906,47.0,25.843814849853516
27-01-2010,46.220001220703125,46.849998474121094,5177700,47.099998474121094,46.63999938964844,25.645854949951172
28-01-2010,46.02000045776367,46.65999984741211,5594200,47.099998474121094,46.209999084472656,25.409412384033203
29-01-2010,45.43000030517578,46.529998779296875,7064100,47.09000015258789,45.5099983215332,25.024511337280273
01-02-2010,45.630001068115234,45.7400016784668,8066200,46.22999954223633,46.11000061035156,25.35441780090332
02-02-2010,46.06999969482422,46.209999084472656,8715600,47.720001220703125,47.599998474121094,26.173725128173828
03-02-2010,46.810001373291016,47.33000183105469,5001800,47.439998626708984,46.970001220703125,25.827320098876953
04-02-2010,45.900001525878906,46.599998474121094,6728400,46.810001373291016,45.939998626708984,25.260944366455078
05-02-2010,45.0099983215332,46.220001220703125,8451200,46.220001220703125,45.65999984741211,25.106983184814453
08-02-2010,45.310001373291016,45.310001373291016,5242500,46.279998779296875,45.529998779296875,25.035497665405273
09-02-2010,45.70000076293945,45.93000030517578,8742400,47.0,46.849998474121094,25.76133155822754
10-02-2010,46.38999938964844,46.810001373291016,6480000,47.09000015258789,46.810001373291016,25.739341735839844
11-02-2010,46.04999923706055,46.650001525878906,16677800,48.93000030517578,48.66999816894531,26.7620849609375
12-02-2010,48.20000076293945,48.349998474121094,13040700,49.93000030517578,49.290000915527344,27.103002548217773
16-02-2010,49.060001373291016,49.599998474121094,11304100,49.91999816894531,49.41999816894531,27.174488067626953
17-02-2010,49.349998474121094,49.5099983215332,7402400,49.88999938964844,49.83000183105469,27.399940490722656
18-02-2010,49.59000015258789,49.59000015258789,7533300,50.349998474121094,50.279998779296875,27.647382736206055
19-02-2010,49.79999923706055,50.20000076293945,8931900,50.40999984741211,49.97999954223633,27.48241424560547
22-02-2010,49.68000030517578,50.0,8233500,50.06999969482422,49.75,27.35594940185547
23-02-2010,49.18000030517578,49.75,10514700,50.0,49.29999923706055,27.108509063720703
24-02-2010,48.970001220703125,49.31999969482422,8305900,49.970001220703125,49.83000183105469,27.399940490722656
25-02-2010,49.0,49.43000030517578,9596000,49.880001068115234,49.61000061035156,27.27895736694336
26-02-2010,48.95000076293945,49.619998931884766,8502800,49.630001068115234,48.97999954223633,26.93255043029785
01-03-2010,48.790000915527344,49.04999923706055,8198300,49.25,48.93000030517578,26.905052185058594
02-03-2010,49.11000061035156,49.38999938964844,7126700,50.09000015258789,49.810001373291016,27.388933181762695
03-03-2010,49.720001220703125,49.81999969482422,7166800,50.16999816894531,49.97999954223633,27.48241424560547
04-03-2010,50.060001373291016,50.15999984741211,7350200,50.79999923706055,50.65999984741211,27.856327056884766
05-03-2010,50.52000045776367,50.75,7140400,51.380001068115234,51.25,28.18075942993164
08-03-2010,50.689998626708984,51.130001068115234,6970700,51.279998779296875,50.790000915527344,27.927814483642578
09-03-2010,50.20000076293945,50.61000061035156,6203800,50.779998779296875,50.380001068115234,27.702363967895508
10-03-2010,49.849998474121094,50.25,5967300,50.40999984741211,50.29999923706055,27.65837860107422
11-03-2010,49.68000030517578,50.290000915527344,8066600,50.5099983215332,50.2400016784668,27.625389099121094
12-03-2010,49.95000076293945,50.25,6118200,50.5,50.13999938964844,27.570404052734375
15-03-2010,49.810001373291016,50.04999923706055,9131000,51.119998931884766,50.91999816894531,27.999296188354492
16-03-2010,50.81999969482422,50.97999954223633,5970200,51.43000030517578,51.2400016784668,28.17525863647461
17-03-2010,51.27000045776367,51.45000076293945,6784300,51.91999816894531,51.83000183105469,28.499675750732422
18-03-2010,51.650001525878906,51.939998626708984,6092500,51.9900016784668,51.81999969482422,28.494178771972656
19-03-2010,51.83000183105469,52.68000030517578,15243800,52.849998474121094,52.68000030517578,28.967060089111328
22-03-2010,52.22999954223633,52.38999938964844,6994400,53.06999969482422,52.88999938964844,29.082530975341797
23-03-2010,51.689998626708984,52.20000076293945,7052200,52.439998626708984,52.439998626708984,29.15481185913086
24-03-2010,51.84000015258789,52.43000030517578,8034100,52.70000076293945,51.88999938964844,28.849023818969727
25-03-2010,51.65999984741211,52.119998931884766,6076200,52.529998779296875,51.720001220703125,28.7545223236084
26-03-2010,51.68000030517578,51.779998779296875,5112400,52.45000076293945,52.119998931884766,28.976892471313477
29-03-2010,52.25,52.27000045776367,7271600,52.7400016784668,52.529998779296875,29.20484161376953
30-03-2010,52.15999984741211,52.619998931884766,4820600,52.91999816894531,52.4900016784668,29.1826171875
31-03-2010,51.95000076293945,52.5,6486100,52.5,52.15999984741211,28.9991397857666
01-04-2010,52.15999984741211,52.2400016784668,5846800,52.68000030517578,52.470001220703125,29.17148780822754
05-04-2010,52.36000061035156,52.599998474121094,4390900,52.9900016784668,52.849998474121094,29.382753372192383
06-04-2010,52.54999923706055,52.63999938964844,4451200,52.95000076293945,52.650001525878906,29.271549224853516
07-04-2010,52.290000915527344,52.56999969482422,5572600,52.79999923706055,52.52000045776367,29.19928741455078
08-04-2010,52.209999084472656,52.290000915527344,4755700,52.720001220703125,52.369998931884766,29.11589813232422
09-04-2010,52.029998779296875,52.7599983215332,4844300,52.810001373291016,52.75,29.327163696289062
12-04-2010,52.7400016784668,52.86000061035156,5055600,53.20000076293945,52.95000076293945,29.4383487701416
13-04-2010,52.08000183105469,52.779998779296875,4531800,52.81999969482422,52.459999084472656,29.165935516357422
14-04-2010,50.79999923706055,52.09000015258789,12739900,52.09000015258789,51.29999923706055,28.521005630493164
15-04-2010,50.650001525878906,50.650001525878906,6596800,51.619998931884766,51.59000015258789,28.682241439819336
16-04-2010,50.560001373291016,51.45000076293945,8822900,51.68000030517578,50.7400016784668,28.209671020507812
19-04-2010,50.54999923706055,50.54999923706055,5769800,51.439998626708984,51.349998474121094,28.548812866210938
20-04-2010,51.15999984741211,51.47999954223633,6890900,53.90999984741211,51.91999816894531,28.865713119506836
21-04-2010,51.79999923706055,51.970001220703125,6611300,52.869998931884766,51.9900016784668,28.904624938964844
22-04-2010,50.08000183105469,50.380001068115234,10098900,51.31999969482422,51.2400016784668,28.487640380859375
23-04-2010,50.599998474121094,51.18000030517578,6457700,51.22999954223633,51.13999938964844,28.43204689025879
26-04-2010,50.060001373291016,51.040000915527344,7802200,51.13999938964844,50.130001068115234,27.87053871154785
27-04-2010,48.220001220703125,50.0099983215332,12135800,50.06999969482422,48.439998626708984,26.93095588684082
28-04-2010,48.529998779296875,48.66999816894531,9074100,49.34000015258789,49.09000015258789,27.29233169555664
29-04-2010,49.33000183105469,49.45000076293945,7819100,50.29999923706055,49.58000183105469,27.564748764038086
30-04-2010,49.02000045776367,49.470001220703125,6884400,49.810001373291016,49.08000183105469,27.286771774291992
03-05-2010,49.150001525878906,49.31999969482422,6482700,49.68000030517578,49.41999816894531,27.475799560546875
04-05-2010,48.86000061035156,49.0099983215332,9986300,49.75,49.0,27.242292404174805
05-05-2010,48.5,48.88999938964844,7506100,49.54999923706055,48.709999084472656,27.081056594848633
06-05-2010,44.0,48.5,16460800,48.90999984741211,47.0,26.130359649658203
07-05-2010,45.91999816894531,46.13999938964844,14566200,47.0,46.41999816894531,25.807907104492188
10-05-2010,47.70000076293945,47.90999984741211,9709700,49.040000915527344,48.349998474121094,26.880918502807617
11-05-2010,47.7400016784668,47.7400016784668,8924200,48.630001068115234,48.349998474121094,26.880918502807617
12-05-2010,47.52000045776367,47.93000030517578,8489700,48.310001373291016,47.9900016784668,26.68077278137207
13-05-2010,47.310001373291016,47.86000061035156,6602600,48.189998626708984,47.36000061035156,26.33051300048828
14-05-2010,46.290000915527344,47.27000045776367,10548700,47.470001220703125,46.560001373291016,25.88573455810547
17-05-2010,45.88999938964844,46.599998474121094,9076800,46.83000183105469,46.25,25.71338653564453
18-05-2010,45.369998931884766,46.439998626708984,10435700,46.7599983215332,45.560001373291016,25.329774856567383
19-05-2010,45.099998474121094,45.369998931884766,11069300,46.52000045776367,46.2599983215332,25.718936920166016
20-05-2010,44.4900016784668,45.470001220703125,13066700,45.91999816894531,44.54999923706055,24.768247604370117
21-05-2010,43.380001068115234,43.900001525878906,16035700,44.709999084472656,44.2599983215332,24.607013702392578
24-05-2010,43.56999969482422,44.040000915527344,12667000,44.720001220703125,44.29999923706055,24.62925148010254
25-05-2010,42.970001220703125,43.599998474121094,15891000,43.91999816894531,43.720001220703125,24.306793212890625
26-05-2010,43.54999923706055,43.849998474121094,14571200,44.560001373291016,43.70000076293945,24.295665740966797
27-05-2010,44.09000015258789,44.22999954223633,11520600,44.79999923706055,44.70000076293945,24.851642608642578
28-05-2010,44.02000045776367,44.7599983215332,14109100,44.79999923706055,44.119998931884766,24.529178619384766
01-06-2010,43.5099983215332,43.77000045776367,9173500,44.59000015258789,43.970001220703125,24.445789337158203
02-06-2010,44.040000915527344,44.040000915527344,9575200,45.060001373291016,45.04999923706055,25.046228408813477
03-06-2010,44.689998626708984,45.060001373291016,6411200,45.36000061035156,45.02000045776367,25.029552459716797
04-06-2010,43.5099983215332,44.56999969482422,11855100,44.75,43.7400016784668,24.317913055419922
07-06-2010,43.06999969482422,43.720001220703125,10536000,44.25,43.16999816894531,24.001012802124023
08-06-2010,42.939998626708984,43.130001068115234,11988100,43.77000045776367,43.72999954223633,24.31235694885254
09-06-2010,43.779998779296875,43.97999954223633,11085700,45.13999938964844,44.150001525878906,24.54585838317871
10-06-2010,44.59000015258789,44.59000015258789,9979300,45.58000183105469,45.11000061035156,25.079574584960938
11-06-2010,43.09000015258789,44.84000015258789,15482400,44.939998626708984,44.349998474121094,24.657054901123047
14-06-2010,44.61000061035156,44.61000061035156,11379200,45.95000076293945,45.56999969482422,25.335329055786133
15-06-2010,45.470001220703125,46.220001220703125,9119600,46.220001220703125,45.560001373291016,25.329774856567383
16-06-2010,45.130001068115234,45.38999938964844,6227700,45.779998779296875,45.54999923706055,25.324209213256836
17-06-2010,45.34000015258789,45.779998779296875,7420800,45.959999084472656,45.599998474121094,25.352005004882812
18-06-2010,45.599998474121094,45.66999816894531,13155400,46.279998779296875,45.90999984741211,25.524356842041016
21-06-2010,45.93000030517578,46.279998779296875,10605200,46.63999938964844,46.290000915527344,25.735624313354492
22-06-2010,44.95000076293945,45.810001373291016,8248600,46.0099983215332,44.9900016784668,25.330251693725586
23-06-2010,45.900001525878906,45.959999084472656,15496300,47.08000183105469,46.4900016784668,26.174779891967773
24-06-2010,46.040000915527344,46.279998779296875,13230100,46.720001220703125,46.43000030517578,26.14099884033203
25-06-2010,45.900001525878906,46.560001373291016,17658200,47.0,45.900001525878906,25.84261131286621
28-06-2010,45.900001525878906,46.0,9271200,46.68000030517578,46.290000915527344,26.062177658081055
29-06-2010,45.540000915527344,45.900001525878906,11364000,46.79999923706055,45.720001220703125,25.74126434326172
30-06-2010,45.75,46.150001525878906,10800400,46.36000061035156,45.84000015258789,25.808818817138672
01-07-2010,45.54999923706055,45.77000045776367,12567400,46.68000030517578,46.54999923706055,26.208555221557617
02-07-2010,46.22999954223633,46.630001068115234,6941700,46.880001068115234,46.45000076293945,26.152250289916992
06-07-2010,46.34000015258789,46.75,9049400,47.189998626708984,46.77000045776367,26.332426071166992
07-07-2010,46.38999938964844,46.59000015258789,11016500,47.560001373291016,47.540000915527344,26.765953063964844
08-07-2010,47.66999816894531,47.95000076293945,8888200,48.68000030517578,48.540000915527344,27.32896614074707
09-07-2010,48.220001220703125,48.79999923706055,5783600,48.900001525878906,48.59000015258789,27.357128143310547
12-07-2010,48.2599983215332,48.56999969482422,5136000,48.9900016784668,48.84000015258789,27.497875213623047
13-07-2010,49.0,49.119998931884766,5681200,49.45000076293945,49.29999923706055,27.756874084472656
14-07-2010,48.959999084472656,49.18000030517578,5539000,49.72999954223633,49.52000045776367,27.88072967529297
15-07-2010,49.33000183105469,49.619998931884766,8227500,50.29999923706055,50.099998474121094,28.20728874206543
16-07-2010,49.5099983215332,49.9900016784668,8352500,50.88999938964844,49.66999816894531,27.965181350708008
19-07-2010,49.43000030517578,49.5099983215332,5500900,50.099998474121094,49.959999084472656,28.128459930419922
20-07-2010,49.630001068115234,49.65999984741211,6860200,50.75,50.630001068115234,28.505691528320312
21-07-2010,49.20000076293945,50.779998779296875,8481500,50.86000061035156,49.88999938964844,28.08904266357422
22-07-2010,49.900001525878906,50.380001068115234,8090500,51.09000015258789,50.84000015258789,28.62392807006836
23-07-2010,50.27000045776367,50.81999969482422,7968500,50.970001220703125,50.65999984741211,28.52257537841797
26-07-2010,50.56999969482422,50.56999969482422,5317700,51.22999954223633,51.189998626708984,28.820968627929688
27-07-2010,50.95000076293945,51.2599983215332,7215100,51.380001068115234,51.34000015258789,28.905433654785156
28-07-2010,50.900001525878906,51.36000061035156,5187200,51.45000076293945,51.040000915527344,28.736509323120117
29-07-2010,50.779998779296875,51.15999984741211,7213200,51.54999923706055,51.18000030517578,28.815340042114258
30-07-2010,50.599998474121094,50.79999923706055,7115800,51.29999923706055,51.040000915527344,28.736509323120117
02-08-2010,51.25,51.470001220703125,6944000,52.0,51.959999084472656,29.254507064819336
03-08-2010,51.810001373291016,51.810001373291016,6826800,52.5,52.150001525878906,29.361474990844727
04-08-2010,51.959999084472656,52.130001068115234,4903000,52.5,52.2400016784668,29.412147521972656
05-08-2010,51.70000076293945,52.08000183105469,6634300,52.09000015258789,51.81999969482422,29.175676345825195
06-08-2010,51.22999954223633,51.529998779296875,6231900,52.209999084472656,52.189998626708984,29.383995056152344
09-08-2010,52.16999816894531,52.380001068115234,6837600,52.619998931884766,52.540000915527344,29.58104705810547
10-08-2010,52.04999923706055,52.09000015258789,8210600,53.2400016784668,52.970001220703125,29.823158264160156
11-08-2010,51.630001068115234,52.220001220703125,7369600,52.470001220703125,51.75,29.136262893676758
12-08-2010,51.18000030517578,51.220001220703125,7476900,52.15999984741211,51.849998474121094,29.192564010620117
13-08-2010,51.59000015258789,51.59000015258789,6276000,52.279998779296875,51.9900016784668,29.271387100219727
16-08-2010,50.959999084472656,51.65999984741211,5486600,52.060001373291016,51.9900016784668,29.271387100219727
17-08-2010,51.9900016784668,52.34000015258789,6503900,53.040000915527344,52.56999969482422,29.59794044494629
18-08-2010,52.220001220703125,52.54999923706055,9184200,52.9900016784668,52.7599983215332,29.704910278320312
19-08-2010,51.619998931884766,52.720001220703125,9741700,52.720001220703125,52.0,29.277027130126953
20-08-2010,51.75,51.75,7730100,52.43000030517578,51.97999954223633,29.265766143798828
23-08-2010,51.709999084472656,52.099998474121094,5506500,52.4900016784668,51.72999954223633,29.125001907348633
24-08-2010,51.060001373291016,51.310001373291016,7319800,51.70000076293945,51.5099983215332,29.001148223876953
25-08-2010,50.93000030517578,51.16999816894531,10833600,51.75,51.52000045776367,29.006763458251953
26-08-2010,50.540000915527344,51.540000915527344,6954300,51.84000015258789,51.060001373291016,28.747785568237305
27-08-2010,50.650001525878906,51.13999938964844,6943100,51.630001068115234,51.439998626708984,28.96172332763672
30-08-2010,51.08000183105469,51.08000183105469,3937900,51.90999984741211,51.43000030517578,28.956098556518555
31-08-2010,51.02000045776367,51.369998931884766,6513000,51.77000045776367,51.36000061035156,28.916688919067383
01-09-2010,51.880001068115234,51.880001068115234,8452400,53.09000015258789,52.970001220703125,29.823158264160156
02-09-2010,52.869998931884766,52.970001220703125,6497500,53.36000061035156,53.290000915527344,30.00331687927246
03-09-2010,53.11000061035156,53.11000061035156,6718500,54.099998474121094,54.040000915527344,30.425579071044922
07-09-2010,53.56999969482422,53.91999816894531,5649600,54.25,53.63999938964844,30.20037841796875
08-09-2010,53.400001525878906,53.61000061035156,7384600,53.86000061035156,53.619998931884766,30.18910789489746
09-09-2010,53.220001220703125,53.68000030517578,7495000,53.970001220703125,53.75,30.262310028076172
10-09-2010,53.810001373291016,53.869998931884766,6993300,54.869998931884766,54.599998474121094,30.740875244140625
13-09-2010,54.31999969482422,54.959999084472656,6024400,54.9900016784668,54.77000045776367,30.83658790588379
14-09-2010,54.2599983215332,54.54999923706055,7006900,55.0,54.86000061035156,30.887258529663086
15-09-2010,54.630001068115234,54.86000061035156,6853500,55.599998474121094,55.540000915527344,31.270112991333008
16-09-2010,54.810001373291016,55.20000076293945,7305200,55.29999923706055,55.11000061035156,31.02801513671875
17-09-2010,55.06999969482422,55.29999923706055,9668900,55.900001525878906,55.119998931884766,31.03363800048828
20-09-2010,55.0,55.290000915527344,7959000,56.22999954223633,55.95000076293945,31.50094985961914
21-09-2010,55.459999084472656,56.029998779296875,9415100,56.25,56.040000915527344,31.551618576049805
22-09-2010,54.900001525878906,55.130001068115234,8079000,55.400001525878906,55.189998626708984,31.43202018737793
23-09-2010,54.65999984741211,54.810001373291016,5943700,55.63999938964844,55.11000061035156,31.386472702026367
24-09-2010,55.560001373291016,55.58000183105469,6991400,56.5,56.099998474121094,31.950275421142578
27-09-2010,55.45000076293945,55.97999954223633,5742800,56.220001220703125,55.459999084472656,31.585784912109375
28-09-2010,55.16999816894531,55.400001525878906,7329000,56.189998626708984,56.08000183105469,31.938894271850586
29-09-2010,55.75,55.970001220703125,6343600,56.650001525878906,56.31999969482422,32.07558059692383
30-09-2010,55.810001373291016,56.47999954223633,7636400,57.11000061035156,56.02000045776367,31.90473175048828
01-10-2010,55.45000076293945,56.040000915527344,7624400,56.5099983215332,55.54999923706055,31.637052536010742
04-10-2010,55.099998474121094,55.38999938964844,5167600,55.709999084472656,55.290000915527344,31.48897361755371
05-10-2010,55.150001525878906,55.65999984741211,10135400,55.970001220703125,55.349998474121094,31.52313804626465
06-10-2010,55.369998931884766,55.400001525878906,10977500,56.93000030517578,56.310001373291016,32.069889068603516
07-10-2010,55.95000076293945,56.560001373291016,6645900,56.650001525878906,56.290000915527344,32.05849838256836
08-10-2010,56.599998474121094,56.75,6366700,57.20000076293945,56.630001068115234,32.25213623046875
11-10-2010,56.33000183105469,56.959999084472656,3329800,57.15999984741211,56.41999816894531,32.132530212402344
12-10-2010,56.400001525878906,56.47999954223633,5307600,57.29999923706055,57.18000030517578,32.565364837646484
13-10-2010,57.0099983215332,57.38999938964844,6376000,57.75,57.36000061035156,32.66788864135742
14-10-2010,57.38999938964844,57.400001525878906,5885000,57.900001525878906,57.75,32.890010833740234
15-10-2010,58.02000045776367,58.02000045776367,13173400,58.779998779296875,58.540000915527344,33.33991622924805
18-10-2010,58.060001373291016,58.34000015258789,6675100,58.560001373291016,58.380001068115234,33.248802185058594
19-10-2010,56.65999984741211,57.810001373291016,8711400,58.040000915527344,57.06999969482422,32.50272750854492
20-10-2010,57.0099983215332,57.220001220703125,5809400,57.689998626708984,57.47999954223633,32.7362174987793
21-10-2010,56.4900016784668,56.880001068115234,6863900,57.849998474121094,57.560001373291016,32.781795501708984
22-10-2010,57.58000183105469,57.91999816894531,4375200,58.290000915527344,58.130001068115234,33.106422424316406
25-10-2010,58.470001220703125,58.529998779296875,9071800,59.849998474121094,59.470001220703125,33.86958312988281
26-10-2010,58.93000030517578,59.150001525878906,5663400,59.529998779296875,59.5,33.886653900146484
27-10-2010,58.380001068115234,58.970001220703125,6200700,59.13999938964844,58.97999954223633,33.59050369262695
28-10-2010,58.93000030517578,59.27000045776367,5686200,59.70000076293945,59.2599983215332,33.749977111816406
29-10-2010,58.5,59.060001373291016,6335200,59.2599983215332,58.5099983215332,33.322845458984375
01-11-2010,58.119998931884766,58.61000061035156,7299800,59.310001373291016,58.290000915527344,33.197547912597656
02-11-2010,58.13999938964844,58.380001068115234,7546100,59.0,58.459999084472656,33.29435729980469
03-11-2010,58.400001525878906,58.599998474121094,6331200,59.529998779296875,59.29999923706055,33.772762298583984
04-11-2010,59.70000076293945,59.880001068115234,8143400,60.83000183105469,60.81999969482422,34.6384391784668
05-11-2010,60.18000030517578,60.869998931884766,7494700,60.869998931884766,60.439998626708984,34.422019958496094
08-11-2010,59.849998474121094,60.029998779296875,6237200,60.38999938964844,60.220001220703125,34.29671859741211
09-11-2010,59.40999984741211,60.0099983215332,5744300,60.20000076293945,59.560001373291016,33.920841217041016
10-11-2010,59.15999984741211,59.47999954223633,5302300,59.790000915527344,59.61000061035156,33.949317932128906
11-11-2010,59.02000045776367,59.04999923706055,5694300,59.86000061035156,59.81999969482422,34.06892776489258
12-11-2010,59.290000915527344,59.65999984741211,5838700,59.880001068115234,59.63999938964844,33.96640396118164
15-11-2010,59.349998474121094,59.61000061035156,4685000,59.959999084472656,59.45000076293945,33.85819625854492
16-11-2010,58.2599983215332,59.220001220703125,9158000,59.5099983215332,58.540000915527344,33.33991622924805
17-11-2010,57.790000915527344,58.68000030517578,7483900,58.939998626708984,57.790000915527344,32.91278076171875
18-11-2010,58.34000015258789,58.5099983215332,9374300,59.849998474121094,59.45000076293945,33.85819625854492
19-11-2010,58.970001220703125,59.459999084472656,7446400,59.86000061035156,59.810001373291016,34.0632209777832
22-11-2010,58.86000061035156,59.2400016784668,7451000,59.529998779296875,59.47999954223633,33.875282287597656
23-11-2010,58.40999984741211,58.779998779296875,8530600,58.959999084472656,58.77000045776367,33.470916748046875
24-11-2010,58.86000061035156,59.18000030517578,6333700,59.290000915527344,59.209999084472656,33.72150802612305
26-11-2010,58.5,58.91999816894531,2064500,59.09000015258789,58.779998779296875,33.47659683227539
29-11-2010,57.33000183105469,58.34000015258789,11539600,58.36000061035156,57.81999969482422,32.92985916137695
30-11-2010,56.75,57.47999954223633,11511900,57.58000183105469,56.88999938964844,32.40021896362305
01-12-2010,56.709999084472656,57.369998931884766,8113900,57.970001220703125,57.70000076293945,32.861515045166016
02-12-2010,57.29999923706055,57.5099983215332,6584600,58.0099983215332,57.93000030517578,32.99251937866211
03-12-2010,57.459999084472656,57.599998474121094,7030100,58.540000915527344,58.119998931884766,33.1007194519043
06-12-2010,57.810001373291016,58.08000183105469,9234000,58.650001525878906,58.529998779296875,33.3342399597168
07-12-2010,58.88999938964844,58.959999084472656,10943400,59.400001525878906,59.400001525878906,33.8297119140625
08-12-2010,59.08000183105469,59.45000076293945,6173000,59.5,59.349998474121094,33.801239013671875
09-12-2010,59.18000030517578,59.709999084472656,4848900,59.79999923706055,59.38999938964844,33.82402801513672
10-12-2010,58.88999938964844,59.52000045776367,6760500,59.91999816894531,59.0,33.60190200805664
13-12-2010,58.34000015258789,59.04999923706055,7765600,59.22999954223633,58.70000076293945,33.43104934692383
14-12-2010,58.75,58.81999969482422,5581900,59.43000030517578,59.38999938964844,33.82402801513672
15-12-2010,58.869998931884766,58.880001068115234,6643400,59.599998474121094,59.40999984741211,33.835418701171875
16-12-2010,58.959999084472656,59.369998931884766,5942700,59.7400016784668,59.709999084472656,34.00627136230469
17-12-2010,59.16999816894531,59.66999816894531,11569500,59.869998931884766,59.689998626708984,33.994869232177734
20-12-2010,59.43000030517578,59.790000915527344,7457100,60.13999938964844,59.56999969482422,33.926544189453125
21-12-2010,58.29999923706055,59.40999984741211,6149600,59.54999923706055,58.47999954223633,33.6674690246582
22-12-2010,58.25,58.630001068115234,4701000,58.939998626708984,58.869998931884766,33.891998291015625
23-12-2010,58.380001068115234,58.68000030517578,2824500,58.91999816894531,58.66999816894531,33.7768440246582
27-12-2010,58.43000030517578,58.5099983215332,2641900,58.77000045776367,58.599998474121094,33.736541748046875
28-12-2010,58.220001220703125,58.58000183105469,3018800,58.83000183105469,58.529998779296875,33.696250915527344
29-12-2010,58.5099983215332,58.720001220703125,2783100,58.93000030517578,58.75,33.822906494140625
30-12-2010,58.33000183105469,58.63999938964844,2303700,58.75,58.4900016784668,33.6732292175293
31-12-2010,58.310001373291016,58.47999954223633,2738300,58.849998474121094,58.529998779296875,33.696250915527344
03-01-2011,58.43000030517578,58.880001068115234,5053700,58.9900016784668,58.66999816894531,33.7768440246582
04-01-2011,58.150001525878906,58.47999954223633,5779500,58.95000076293945,58.66999816894531,33.7768440246582
05-01-2011,57.790000915527344,58.79999923706055,5635800,58.91999816894531,58.5,33.67898178100586
06-01-2011,57.36000061035156,58.25,7922300,58.400001525878906,57.720001220703125,33.229923248291016
07-01-2011,55.91999816894531,57.22999954223633,12085800,57.4900016784668,56.41999816894531,32.481510162353516
10-01-2011,55.849998474121094,56.43000030517578,8867000,56.7400016784668,56.5099983215332,32.533321380615234
11-01-2011,55.91999816894531,56.75,7971000,56.95000076293945,56.02000045776367,32.25123596191406
12-01-2011,56.0,56.31999969482422,7355300,56.59000015258789,56.59000015258789,32.579383850097656
13-01-2011,56.11000061035156,56.369998931884766,6032900,56.58000183105469,56.5,32.52756118774414
14-01-2011,56.18000030517578,56.290000915527344,5394100,56.77000045776367,56.66999816894531,32.62544250488281
18-01-2011,55.97999954223633,56.540000915527344,8001300,57.0,56.220001220703125,32.366371154785156
19-01-2011,56.15999984741211,56.290000915527344,7535000,56.619998931884766,56.59000015258789,32.579383850097656
20-01-2011,56.2599983215332,56.619998931884766,6740200,56.869998931884766,56.4900016784668,32.52180480957031
21-01-2011,56.2599983215332,56.81999969482422,10525700,57.0,56.70000076293945,32.6427001953125
24-01-2011,56.25,56.58000183105469,6127900,57.18000030517578,57.099998474121094,32.872982025146484
25-01-2011,56.720001220703125,56.869998931884766,5851600,57.619998931884766,57.529998779296875,33.12053680419922
26-01-2011,57.34000015258789,57.66999816894531,5347600,57.75,57.380001068115234,33.03418731689453
27-01-2011,56.939998626708984,57.54999923706055,6060600,57.58000183105469,56.9900016784668,32.809661865234375
28-01-2011,56.54999923706055,57.29999923706055,7435200,57.310001373291016,56.599998474121094,32.585121154785156
31-01-2011,56.459999084472656,56.84000015258789,6955400,57.27000045776367,57.2400016784668,32.953590393066406
01-02-2011,57.5,57.52000045776367,6181300,58.209999084472656,57.720001220703125,33.229923248291016
02-02-2011,57.33000183105469,57.47999954223633,4924700,57.7599983215332,57.68000030517578,33.20689010620117
03-02-2011,57.4900016784668,57.4900016784668,4650800,58.09000015258789,58.0099983215332,33.39686965942383
04-02-2011,57.90999984741211,58.06999969482422,5990400,58.7599983215332,58.66999816894531,33.7768440246582
07-02-2011,58.459999084472656,58.90999984741211,4570200,59.0,59.0,33.96683120727539
08-02-2011,58.650001525878906,59.0,4411400,59.11000061035156,59.060001373291016,34.00137710571289
09-02-2011,58.5,58.61000061035156,5387000,59.66999816894531,59.540000915527344,34.2777214050293
10-02-2011,58.88999938964844,59.290000915527344,7236200,59.900001525878906,59.16999816894531,34.0647087097168
11-02-2011,58.869998931884766,58.90999984741211,5341300,59.86000061035156,59.619998931884766,34.32377243041992
14-02-2011,59.09000015258789,59.529998779296875,4933700,59.77000045776367,59.7400016784668,34.39287185668945
15-02-2011,59.439998626708984,59.459999084472656,5315500,60.18000030517578,59.88999938964844,34.47922134399414
16-02-2011,59.939998626708984,60.119998931884766,5718100,60.7599983215332,60.70000076293945,34.9455451965332
17-02-2011,60.29999923706055,60.38999938964844,5427200,60.880001068115234,60.84000015258789,35.02614974975586
18-02-2011,60.79999923706055,60.86000061035156,5768600,61.63999938964844,61.43000030517578,35.36579513549805
22-02-2011,60.5,60.81999969482422,7172900,61.9900016784668,61.540000915527344,35.429141998291016
23-02-2011,61.5,61.54999923706055,9054600,62.380001068115234,61.97999954223633,35.68245315551758
24-02-2011,61.790000915527344,61.810001373291016,7587600,63.0,62.290000915527344,35.86091613769531
25-02-2011,62.0,62.43000030517578,5441100,62.689998626708984,62.25,35.837886810302734
28-02-2011,62.400001525878906,62.68000030517578,7559500,63.119998931884766,62.779998779296875,36.143009185791016
01-03-2011,62.209999084472656,63.060001373291016,7321700,63.630001068115234,62.27000045776367,35.849403381347656
02-03-2011,62.130001068115234,62.310001373291016,6570300,63.33000183105469,62.91999816894531,36.223609924316406
03-03-2011,63.099998474121094,63.349998474121094,9531500,63.95000076293945,63.66999816894531,36.6553955078125
04-03-2011,63.029998779296875,63.689998626708984,12608500,63.880001068115234,63.5,36.557533264160156
07-03-2011,63.52000045776367,63.65999984741211,10173200,64.41999816894531,63.63999938964844,36.638118743896484
08-03-2011,63.779998779296875,63.849998474121094,5591300,64.5999984741211,64.25,36.98930740356445
09-03-2011,63.88999938964844,64.16999816894531,4946700,64.44999694824219,64.3499984741211,37.046875
10-03-2011,63.59000015258789,63.81999969482422,6675000,64.19000244140625,63.7599983215332,36.70721435546875
11-03-2011,63.369998931884766,63.43000030517578,5529200,63.97999954223633,63.779998779296875,36.718719482421875
14-03-2011,63.22999954223633,63.54999923706055,5935100,63.84000015258789,63.58000183105469,36.60358428955078
15-03-2011,61.880001068115234,62.4900016784668,11350200,62.90999984741211,62.70000076293945,36.096946716308594
16-03-2011,61.45000076293945,62.439998626708984,11373200,62.63999938964844,61.869998931884766,35.619117736816406
17-03-2011,61.66999816894531,62.45000076293945,7963900,62.779998779296875,61.790000915527344,35.57305908203125
18-03-2011,61.349998474121094,61.70000076293945,11876800,62.529998779296875,61.720001220703125,35.53276443481445
21-03-2011,61.90999984741211,62.209999084472656,6364200,63.529998779296875,62.95000076293945,36.24088668823242
22-03-2011,62.209999084472656,62.22999954223633,2472600,63.88999938964844,63.34000015258789,36.839969635009766
23-03-2011,63.08000183105469,63.2599983215332,5225800,64.11000061035156,63.84000015258789,37.130767822265625
24-03-2011,63.79999923706055,64.05000305175781,6869100,64.73999786376953,64.5199966430664,37.526268005371094
25-03-2011,64.52999877929688,64.6500015258789,7119500,65.47000122070312,65.12000274658203,37.875244140625
28-03-2011,65.16999816894531,65.37999725341797,4712700,65.62000274658203,65.16999816894531,37.904335021972656
29-03-2011,64.61000061035156,64.79000091552734,6213400,65.29000091552734,65.26000213623047,37.95668029785156
30-03-2011,65.23999786376953,65.8499984741211,7714000,65.91999816894531,65.69999694824219,38.212581634521484
31-03-2011,65.33999633789062,65.75,7642000,65.9000015258789,65.62999725341797,38.171878814697266
01-04-2011,64.91000366210938,65.87000274658203,6334500,66.0199966430664,64.93000030517578,37.764739990234375
04-04-2011,64.48999786376953,64.93000030517578,7125200,65.05000305175781,64.91999816894531,37.758914947509766
05-04-2011,64.6500015258789,64.76000213623047,4984900,65.97000122070312,65.55000305175781,38.12533950805664
06-04-2011,65.4800033569336,65.75,4979000,66.05000305175781,65.80999755859375,38.27656173706055
07-04-2011,65.06999969482422,65.62000274658203,6408000,65.69000244140625,65.68000030517578,38.200950622558594
08-04-2011,65.5199966430664,65.66000366210938,5467400,66.04000091552734,65.83000183105469,38.28820037841797
11-04-2011,66.25,66.2699966430664,6952500,67.27999877929688,66.83000183105469,38.86981201171875
12-04-2011,65.81999969482422,66.58999633789062,5358400,66.81999969482422,66.04000091552734,38.41032791137695
13-04-2011,65.72000122070312,65.9000015258789,5847900,66.20999908447266,66.11000061035156,38.451053619384766
14-04-2011,65.83000183105469,65.9800033569336,6947900,66.44999694824219,66.19000244140625,38.49759292602539
15-04-2011,65.95999908447266,66.38999938964844,5609400,66.73999786376953,66.55999755859375,38.71278381347656
18-04-2011,65.4800033569336,66.08000183105469,5865500,66.48999786376953,65.76000213623047,38.247493743896484
19-04-2011,65.30999755859375,65.61000061035156,4527100,66.19000244140625,66.12999725341797,38.462684631347656
20-04-2011,66.41999816894531,66.8499984741211,5661300,67.3499984741211,66.4800033569336,38.66625213623047
21-04-2011,66.83999633789062,67.01000213623047,6478100,68.20999908447266,67.61000061035156,39.323486328125
25-04-2011,67.36000061035156,67.75,4779900,67.91000366210938,67.5999984741211,39.31767272949219
26-04-2011,67.33999633789062,67.80000305175781,8000000,68.08999633789062,67.58999633789062,39.31184005737305
27-04-2011,66.94000244140625,67.52999877929688,6112300,67.58999633789062,67.5199966430664,39.27113723754883
28-04-2011,67.41999816894531,67.47000122070312,6409200,69.22000122070312,69.02999877929688,40.149391174316406
29-04-2011,68.62999725341797,69.16000366210938,5600000,69.79000091552734,69.44000244140625,40.38786697387695
02-05-2011,69.16000366210938,69.80999755859375,6088800,69.91999816894531,69.30999755859375,40.312232971191406
03-05-2011,68.8499984741211,69.02999877929688,7870000,69.62999725341797,69.55000305175781,40.45184326171875
04-05-2011,69.08000183105469,69.55000305175781,5015800,69.83000183105469,69.3499984741211,40.33551788330078
05-05-2011,68.25,69.18000030517578,6422100,69.44999694824219,68.38999938964844,39.77714920043945
06-05-2011,68.56999969482422,68.80000305175781,6071600,69.38999938964844,68.5999984741211,39.899295806884766
09-05-2011,68.16999816894531,68.83999633789062,5464700,69.0,68.29000091552734,39.718997955322266
10-05-2011,68.16999816894531,68.41999816894531,7360200,68.48999786376953,68.27999877929688,39.71316909790039
11-05-2011,67.9800033569336,68.30000305175781,6203500,68.58000183105469,68.16999816894531,39.64918518066406
12-05-2011,67.94999694824219,68.12999725341797,6820300,68.25,68.20999908447266,39.67245101928711
13-05-2011,68.26000213623047,68.26000213623047,7165000,69.08000183105469,68.30999755859375,39.730621337890625
16-05-2011,67.83999633789062,68.0199966430664,6765700,68.69999694824219,68.44000244140625,39.80622482299805
17-05-2011,68.23999786376953,68.25,4512600,68.7300033569336,68.58999633789062,39.89347457885742
18-05-2011,68.45999908447266,68.73999786376953,8409000,69.4000015258789,69.27999877929688,40.29478454589844
19-05-2011,69.54000091552734,69.55000305175781,7536400,70.7699966430664,70.68000030517578,41.10906219482422
20-05-2011,69.98999786376953,70.61000061035156,4671400,70.68000030517578,70.19000244140625,40.824066162109375
23-05-2011,68.91000366210938,69.41000366210938,5524500,69.80000305175781,69.0999984741211,40.190101623535156
24-05-2011,68.91000366210938,69.0,6350000,70.08999633789062,69.86000061035156,40.63212966918945
25-05-2011,69.12000274658203,69.41999816894531,5681400,69.70999908447266,69.48999786376953,40.41693115234375
26-05-2011,69.06999969482422,69.44999694824219,6382100,70.66999816894531,70.30000305175781,40.88804626464844
27-05-2011,70.19999694824219,70.23999786376953,3858500,70.7300033569336,70.5199966430664,41.01601028442383
31-05-2011,70.76000213623047,70.81999969482422,8216000,71.75,71.75,41.73139190673828
01-06-2011,71.02999877929688,71.69999694824219,6768900,71.75,71.06999969482422,41.33589553833008
02-06-2011,69.62999725341797,70.91999816894531,6427200,70.98999786376953,69.91000366210938,40.66122055053711
03-06-2011,68.76000213623047,69.25,5985700,69.6500015258789,68.98999786376953,40.12612533569336
06-06-2011,68.25,68.79000091552734,7685600,68.98999786376953,68.31999969482422,39.7364387512207
07-06-2011,67.79000091552734,68.5999984741211,8337900,68.62000274658203,67.80999755859375,39.4398078918457
08-06-2011,67.12000274658203,67.55000305175781,6347100,68.31999969482422,68.04000091552734,39.57358932495117
09-06-2011,67.52999877929688,68.30999755859375,5635300,68.61000061035156,68.12000274658203,39.62010192871094
10-06-2011,67.3499984741211,67.81999969482422,5328300,68.08000183105469,67.3499984741211,39.1722526550293
13-06-2011,66.80000305175781,67.30000305175781,8626400,67.83000183105469,67.52999877929688,39.27695846557617
14-06-2011,67.83000183105469,68.16000366210938,8348300,69.51000213623047,68.91999816894531,40.08540725708008
15-06-2011,66.5199966430664,68.58999633789062,7271300,68.73999786376953,67.51000213623047,39.26531982421875
16-06-2011,67.06999969482422,67.44000244140625,5429900,68.02999877929688,67.5199966430664,39.27113723754883
17-06-2011,67.94999694824219,67.94999694824219,8793900,69.0,68.4800033569336,39.82950210571289
20-06-2011,68.43000030517578,68.45999908447266,4984300,69.41000366210938,69.08000183105469,40.1784782409668
21-06-2011,67.93000030517578,68.73999786376953,5184600,68.87999725341797,68.05000305175781,39.94951629638672
22-06-2011,66.63999938964844,67.62000274658203,8345900,67.83000183105469,66.6500015258789,39.12763214111328
23-06-2011,65.51000213623047,66.27999877929688,7146100,66.36000061035156,66.16999816894531,38.84584045410156
24-06-2011,64.68000030517578,66.16000366210938,10964100,66.16000366210938,65.0999984741211,38.21768569946289
27-06-2011,65.19999694824219,65.4000015258789,7110000,66.16000366210938,65.91999816894531,38.69906997680664
28-06-2011,65.5199966430664,66.16000366210938,4977400,66.16999816894531,65.88999938964844,38.681461334228516
29-06-2011,66.0199966430664,66.3499984741211,5401600,66.61000061035156,66.16999816894531,38.84584045410156
30-06-2011,66.05999755859375,66.44999694824219,5406400,66.80999755859375,66.7699966430664,39.19806671142578
01-07-2011,66.4800033569336,66.66000366210938,5212800,67.13999938964844,66.75,39.186336517333984
05-07-2011,66.79000091552734,66.9000015258789,7157800,68.16000366210938,67.19000244140625,39.44463348388672
06-07-2011,67.18000030517578,67.31999969482422,6418300,68.58999633789062,68.23999786376953,40.06106185913086
07-07-2011,68.6500015258789,68.6500015258789,6035400,69.37999725341797,69.13999938964844,40.58940505981445
08-07-2011,68.47000122070312,68.63999938964844,5314400,69.45999908447266,69.41000366210938,40.74791717529297
11-07-2011,68.43000030517578,69.62000274658203,5363900,69.6500015258789,68.68000030517578,40.319366455078125
12-07-2011,67.0,68.62999725341797,7765900,68.80000305175781,67.0999984741211,39.391807556152344
13-07-2011,66.61000061035156,67.44999694824219,4570300,67.52999877929688,66.83999633789062,39.23917770385742
14-07-2011,66.2300033569336,66.58000183105469,4561600,66.9000015258789,66.41999816894531,38.992618560791016
15-07-2011,66.16999816894531,66.62000274658203,5462700,67.06999969482422,66.93000030517578,39.29199981689453
18-07-2011,66.4800033569336,66.80000305175781,4252400,67.44000244140625,66.83000183105469,39.23329162597656
19-07-2011,67.05999755859375,67.16000366210938,6245100,68.72000122070312,68.51000213623047,40.219573974609375
20-07-2011,67.18000030517578,68.48999786376953,5556300,68.5,68.19000244140625,40.031715393066406
21-07-2011,69.73999786376953,69.75,11095700,71.76000213623047,71.48999786376953,41.9690055847168
22-07-2011,71.30000305175781,71.37999725341797,7298100,72.26000213623047,72.11000061035156,42.33299255371094
25-07-2011,70.91000366210938,71.7300033569336,5292500,72.31999969482422,72.12999725341797,42.344730377197266
26-07-2011,71.5999984741211,72.01000213623047,4713400,72.5,71.91999816894531,42.22142791748047
27-07-2011,71.4800033569336,71.4800033569336,5796400,72.55999755859375,71.7699966430664,42.133365631103516
28-07-2011,71.61000061035156,71.88999938964844,6880200,72.73999786376953,72.3499984741211,42.47386932373047
29-07-2011,71.16999816894531,71.69999694824219,9143900,71.98999786376953,71.16999816894531,41.78113555908203
01-08-2011,69.86000061035156,71.62000274658203,6034800,71.66000366210938,70.72000122070312,41.516963958740234
02-08-2011,69.75,70.41999816894531,7059000,70.88999938964844,69.75,40.9475212097168
03-08-2011,69.18000030517578,69.91000366210938,7725000,70.0,69.95999908447266,41.07080078125
04-08-2011,67.22000122070312,69.2300033569336,11139300,69.37000274658203,67.4000015258789,39.567935943603516
05-08-2011,67.12000274658203,68.05000305175781,14179900,69.76000213623047,69.33999633789062,40.70682907104492
08-08-2011,66.08999633789062,67.83000183105469,16489300,69.16999816894531,66.2699966430664,38.904541015625
09-08-2011,64.2300033569336,66.58000183105469,19274200,67.55999755859375,67.4000015258789,39.567935943603516
10-08-2011,64.6500015258789,67.08999633789062,14335000,67.16999816894531,64.9000015258789,38.100284576416016
11-08-2011,64.7699966430664,65.2699966430664,13389700,66.2300033569336,65.55000305175781,38.48186492919922
12-08-2011,65.7300033569336,66.41999816894531,10255600,66.80999755859375,66.62999725341797,39.11587905883789
15-08-2011,66.68000030517578,66.91999816894531,11101600,68.33000183105469,68.33000183105469,40.1138916015625
16-08-2011,67.33999633789062,67.87000274658203,7347100,68.4800033569336,67.69999694824219,39.74404525756836
17-08-2011,68.0199966430664,68.08999633789062,8695500,69.72000122070312,69.05999755859375,40.542442321777344
18-08-2011,67.62999725341797,67.86000061035156,11290600,68.87999725341797,68.5,40.21368408203125
19-08-2011,67.63999938964844,67.63999938964844,11874700,70.77999877929688,68.83000183105469,40.40742111206055
22-08-2011,68.5,70.2300033569336,8068300,70.54000091552734,68.72000122070312,40.34285354614258
23-08-2011,68.38999938964844,68.69999694824219,8924700,70.30000305175781,70.2699966430664,41.2527961730957
24-08-2011,69.7300033569336,70.0,7765100,70.58000183105469,70.13999938964844,41.176475524902344
25-08-2011,68.58000183105469,70.11000061035156,8085500,70.25,68.87000274658203,40.430912017822266
26-08-2011,67.76000213623047,68.80000305175781,7422300,69.54000091552734,69.19999694824219,40.624629974365234
29-08-2011,69.80000305175781,69.88999938964844,6213400,70.68000030517578,70.5,41.38780975341797
30-08-2011,69.80000305175781,70.30999755859375,6688100,70.51000213623047,70.12000274658203,41.164730072021484
31-08-2011,69.08999633789062,70.38999938964844,9735100,70.63999938964844,69.31999969482422,40.69508743286133
01-09-2011,69.06999969482422,69.41999816894531,8491200,70.06999969482422,69.30000305175781,40.6833381652832
02-09-2011,68.12000274658203,68.7699966430664,6369800,69.33000183105469,68.23999786376953,40.06106185913086
06-09-2011,66.72000122070312,66.9000015258789,9626100,67.91999816894531,67.80999755859375,39.808624267578125
07-09-2011,67.94000244140625,68.27999877929688,9280000,68.95999908447266,68.95999908447266,40.48374938964844
08-09-2011,68.41999816894531,68.47000122070312,6845900,68.9800033569336,68.55000305175781,40.24304962158203
09-09-2011,65.5,68.05000305175781,17242000,68.23999786376953,65.9000015258789,38.68733215332031
12-09-2011,64.41999816894531,64.9800033569336,28147800,66.05999755859375,66.0199966430664,38.75779342651367
13-09-2011,65.19000244140625,65.98999786376953,6781000,66.45999908447266,65.97000122070312,38.728424072265625
14-09-2011,66.5199966430664,66.8499984741211,11287700,68.31999969482422,67.58999633789062,39.67947006225586
15-09-2011,67.66000366210938,68.30999755859375,7060200,68.48999786376953,68.29000091552734,40.090423583984375
16-09-2011,68.0,68.7300033569336,15149600,69.2699966430664,69.08000183105469,40.55419921875
19-09-2011,67.6500015258789,68.16000366210938,11023400,68.56999969482422,67.91000366210938,39.86731719970703
20-09-2011,68.25,68.6500015258789,7621700,69.16999816894531,68.27999877929688,40.084537506103516
21-09-2011,66.70999908447266,68.68000030517578,8637700,68.83000183105469,66.80000305175781,39.21569061279297
22-09-2011,63.65999984741211,65.7699966430664,16868000,65.7699966430664,64.95999908447266,38.135498046875
23-09-2011,63.5,63.91999816894531,10699100,64.08999633789062,63.810001373291016,37.90974044799805
26-09-2011,63.52000045776367,64.2699966430664,8132000,64.69000244140625,64.58000183105469,38.36720657348633
27-09-2011,64.36000061035156,65.36000061035156,8374400,65.54000091552734,64.70999908447266,38.44443893432617
28-09-2011,63.2599983215332,64.98999786376953,6536200,65.01000213623047,63.380001068115234,37.65427780151367
29-09-2011,63.119998931884766,64.20999908447266,5979400,64.77999877929688,64.01000213623047,38.02855682373047
30-09-2011,62.31999969482422,63.47999954223633,9173800,64.1500015258789,62.380001068115234,37.060157775878906
03-10-2011,61.75,62.2400016784668,10959400,63.290000915527344,61.7599983215332,36.69182205200195
04-10-2011,60.45000076293945,61.18000030517578,10000000,62.9900016784668,62.79999923706055,37.309696197509766
05-10-2011,62.810001373291016,63.470001220703125,7835900,63.720001220703125,63.290000915527344,37.60081100463867
06-10-2011,63.119998931884766,63.41999816894531,6452300,64.5999984741211,64.58000183105469,38.36720657348633
07-10-2011,64.5999984741211,64.95999908447266,7334000,65.56999969482422,65.12999725341797,38.69396209716797
10-10-2011,65.52999877929688,65.91999816894531,4575700,66.38999938964844,66.05000305175781,39.24052810668945
11-10-2011,65.08999633789062,66.44000244140625,6601800,66.44999694824219,65.30000305175781,38.79496765136719
12-10-2011,65.30999755859375,65.91999816894531,8097100,66.6500015258789,66.30999755859375,39.39500045776367
13-10-2011,65.81999969482422,66.2699966430664,5656500,66.75,66.44999694824219,39.4781608581543
14-10-2011,66.9000015258789,67.19000244140625,7242200,67.4000015258789,67.4000015258789,40.042572021484375
17-10-2011,66.86000061035156,67.48999786376953,6575000,68.05999755859375,67.04000091552734,39.82868576049805
18-10-2011,65.36000061035156,66.68000030517578,7378300,67.05999755859375,66.30999755859375,39.39500045776367
19-10-2011,65.9800033569336,66.51000213623047,5661600,67.08999633789062,66.02999877929688,39.2286491394043
20-10-2011,67.36000061035156,67.77999877929688,12115700,69.11000061035156,68.19000244140625,40.51192855834961
21-10-2011,68.9000015258789,68.9800033569336,13618000,70.37000274658203,70.0,41.587242126464844
24-10-2011,69.31999969482422,70.11000061035156,7631000,70.27999877929688,69.4800033569336,41.27830505371094
25-10-2011,68.4800033569336,68.5,10066800,69.4000015258789,68.83999633789062,40.89807891845703
26-10-2011,69.13999938964844,69.76000213623047,10327100,70.83000183105469,70.80000305175781,42.06252670288086
27-10-2011,70.98999786376953,71.80000305175781,10180400,72.47000122070312,72.0,42.77543640136719
28-10-2011,71.31999969482422,72.05000305175781,6246000,72.48999786376953,72.12000274658203,42.84674835205078
31-10-2011,69.73999786376953,71.61000061035156,10206300,72.01000213623047,69.87000274658203,41.510009765625
01-11-2011,67.75,68.18000030517578,9908100,69.30999755859375,68.76000213623047,40.85055160522461
02-11-2011,68.93000030517578,69.08000183105469,7788500,70.16999816894531,69.87000274658203,41.510009765625
03-11-2011,70.0199966430664,70.19000244140625,5399200,70.95999908447266,70.79000091552734,42.056575775146484
04-11-2011,69.87000274658203,70.66000366210938,5754100,70.86000061035156,70.20999908447266,41.71198654174805
07-11-2011,69.4800033569336,70.12999725341797,3976600,70.58000183105469,70.5,41.884281158447266
08-11-2011,70.08000183105469,70.5999984741211,4631200,71.31999969482422,71.19999694824219,42.3001708984375
09-11-2011,69.12000274658203,70.0199966430664,6214900,70.31999969482422,69.62000274658203,41.361473083496094
10-11-2011,70.0199966430664,70.0199966430664,5708800,71.20999908447266,71.0,42.181339263916016
11-11-2011,71.3499984741211,71.5,4136400,72.12000274658203,71.63999938964844,42.56156921386719
14-11-2011,70.86000061035156,71.63999938964844,5024100,71.66999816894531,71.20999908447266,42.30610656738281
15-11-2011,70.9000015258789,71.37000274658203,4392700,71.75,71.5199966430664,42.490272521972656
16-11-2011,71.05999755859375,71.5,7934600,73.16999816894531,71.62000274658203,42.549686431884766
17-11-2011,71.47000122070312,71.47000122070312,7073200,73.45999908447266,72.08000183105469,42.82298278808594
18-11-2011,72.31999969482422,72.36000061035156,8647300,73.29000091552734,73.08999633789062,43.42301559448242
21-11-2011,71.54000091552734,71.81999969482422,6422600,72.52999877929688,72.0,42.77543640136719
22-11-2011,71.8499984741211,72.11000061035156,5401500,72.58999633789062,72.01000213623047,42.78138732910156
23-11-2011,70.81999969482422,71.45999908447266,5685900,71.62000274658203,71.0199966430664,42.193233489990234
25-11-2011,70.9800033569336,71.01000213623047,3575400,72.23999786376953,71.30999755859375,42.365516662597656
28-11-2011,72.0,72.0999984741211,6827800,73.1500015258789,73.08999633789062,43.42301559448242
29-11-2011,73.37999725341797,73.37999725341797,8016600,75.44999694824219,74.45999908447266,44.23694610595703
30-11-2011,75.08999633789062,75.93000030517578,9494900,76.4000015258789,76.23999786376953,45.294437408447266
01-12-2011,75.58000183105469,76.0999984741211,5938000,77.0,75.69000244140625,44.96767807006836
02-12-2011,75.31999969482422,75.97000122070312,5414500,76.44000244140625,75.47000122070312,44.836997985839844
05-12-2011,75.36000061035156,76.70999908447266,5335900,77.02999877929688,75.87000274658203,45.074623107910156
06-12-2011,75.30000305175781,75.79000091552734,5314700,75.83999633789062,75.58000183105469,44.902320861816406
07-12-2011,74.75,75.2300033569336,5676400,75.87999725341797,75.58000183105469,44.902320861816406
08-12-2011,74.38999938964844,75.33000183105469,6465200,75.58000183105469,74.55999755859375,44.29634475708008
09-12-2011,74.97000122070312,75.19999694824219,5647700,75.88999938964844,75.58000183105469,44.902320861816406
12-12-2011,74.7699966430664,75.31999969482422,7101500,75.86000061035156,75.1500015258789,44.646873474121094
13-12-2011,75.3499984741211,75.8499984741211,6092300,76.54000091552734,75.51000213623047,44.86075210571289
14-12-2011,74.61000061035156,75.30000305175781,7792600,76.47000122070312,74.86000061035156,44.47458267211914
15-12-2011,75.29000091552734,75.66999816894531,6055100,76.29000091552734,75.91999816894531,45.10433578491211
16-12-2011,75.29000091552734,76.43000030517578,8857800,76.62999725341797,75.5999984741211,44.914215087890625
19-12-2011,75.79000091552734,76.04000091552734,6178100,76.80999755859375,76.19999694824219,45.27068328857422
20-12-2011,75.93000030517578,76.23999786376953,6665400,76.80999755859375,76.69999694824219,46.03289031982422
21-12-2011,76.61000061035156,76.87000274658203,6912800,78.29000091552734,78.18000030517578,46.92115020751953
22-12-2011,77.44999694824219,78.44000244140625,4308300,78.55000305175781,77.8499984741211,46.72310256958008
23-12-2011,77.94999694824219,78.05000305175781,3037300,78.9000015258789,78.75,47.263240814208984
27-12-2011,78.41999816894531,78.98999786376953,2510600,79.41999816894531,78.83000183105469,47.31126022338867
28-12-2011,78.36000061035156,78.68000030517578,2656300,79.1500015258789,78.51000213623047,47.119205474853516
29-12-2011,78.66999816894531,78.87999725341797,3511000,79.19000244140625,79.0999984741211,47.47330856323242
30-12-2011,78.18000030517578,79.16000366210938,3678000,79.25,78.4800033569336,47.101200103759766
03-01-2012,78.5199966430664,79.16000366210938,6708400,79.95999908447266,78.58999633789062,47.167205810546875
04-01-2012,77.80000305175781,78.1500015258789,5589500,78.5,78.44999694824219,47.08318328857422
05-01-2012,77.80000305175781,78.16999816894531,5407000,78.66999816894531,78.20999908447266,46.93915557861328
06-01-2012,76.6500015258789,77.66999816894531,6745900,77.80999755859375,77.08000183105469,46.260963439941406
09-01-2012,76.5999984741211,77.05999755859375,4766400,77.26000213623047,76.86000061035156,46.128929138183594
10-01-2012,76.91999816894531,77.6500015258789,4937000,77.9000015258789,77.31999969482422,46.40500259399414
11-01-2012,76.52999877929688,77.16999816894531,5095800,77.8499984741211,76.5999984741211,45.97288131713867
12-01-2012,76.41000366210938,76.58000183105469,4698700,77.12000274658203,76.44999694824219,45.882850646972656
13-01-2012,76.06999969482422,76.22000122070312,4916800,77.4000015258789,77.31999969482422,46.40500259399414
17-01-2012,75.76000213623047,77.0999984741211,6676900,77.47000122070312,75.9000015258789,45.55275344848633
18-01-2012,72.8499984741211,75.80999755859375,13761200,75.80999755859375,73.26000213623047,43.96833419799805
19-01-2012,73.12999725341797,73.69000244140625,8226400,74.5199966430664,73.77999877929688,44.280391693115234
20-01-2012,73.6500015258789,73.95999908447266,6017200,74.62000274658203,74.5199966430664,44.724517822265625
23-01-2012,74.08999633789062,74.38999938964844,5924200,75.0999984741211,74.86000061035156,44.9285888671875
24-01-2012,73.87000274658203,74.6500015258789,4608700,75.19999694824219,74.1500015258789,44.502471923828125
25-01-2012,73.69999694824219,73.83000183105469,8417000,76.93000030517578,76.80999755859375,46.09892272949219
26-01-2012,75.86000061035156,77.1500015258789,5419800,77.1500015258789,76.37999725341797,45.84083938598633
27-01-2012,75.22000122070312,76.29000091552734,5934500,76.7300033569336,75.45999908447266,45.28868103027344
30-01-2012,74.51000213623047,75.12000274658203,4698900,75.2300033569336,74.9000015258789,44.95260238647461
31-01-2012,74.5,75.02999877929688,5688800,75.20999908447266,74.7699966430664,44.87455749511719
01-02-2012,75.1500015258789,75.19000244140625,4321500,76.08000183105469,75.75,45.46273422241211
02-02-2012,75.33000183105469,76.0199966430664,2967200,76.0199966430664,75.83999633789062,45.51674270629883
03-02-2012,75.80999755859375,76.44999694824219,3496200,76.80000305175781,76.62000274658203,45.98488235473633
06-02-2012,76.26000213623047,76.45999908447266,3733700,77.18000030517578,76.8499984741211,46.12291717529297
07-02-2012,76.48999786376953,76.51000213623047,5607100,77.9800033569336,77.5999984741211,46.57304382324219
08-02-2012,77.06999969482422,77.58999633789062,5024600,77.91000366210938,77.87999725341797,46.7411003112793
09-02-2012,77.83999633789062,77.9000015258789,10988900,80.98999786376953,80.05999755859375,48.04945755004883
10-02-2012,79.70999908447266,80.08000183105469,7602800,80.4800033569336,80.44000244140625,48.27752685546875
13-02-2012,80.41999816894531,80.69000244140625,7551400,81.88999938964844,81.61000061035156,48.97971725463867
14-02-2012,81.0,81.22000122070312,5689100,81.6500015258789,81.6500015258789,49.003726959228516
15-02-2012,81.16999816894531,81.88999938964844,4965800,82.05000305175781,81.55000305175781,48.94370651245117
16-02-2012,81.2699966430664,81.63999938964844,4548900,82.30999755859375,81.94000244140625,49.17777633666992
17-02-2012,81.51000213623047,82.33999633789062,5418400,82.66000366210938,81.73999786376953,49.05774688720703
21-02-2012,81.9000015258789,82.2699966430664,5134700,82.68000030517578,82.2699966430664,49.37583541870117
22-02-2012,81.54000091552734,82.0999984741211,5085700,82.7699966430664,82.29000091552734,49.38783264160156
23-02-2012,81.30999755859375,81.97000122070312,4272600,82.36000061035156,82.16999816894531,49.31580352783203
24-02-2012,82.29000091552734,82.5,4023000,83.08000183105469,83.0199966430664,49.825950622558594
27-02-2012,82.48999786376953,82.5999984741211,4340200,83.36000061035156,83.0999984741211,49.87398147583008
28-02-2012,83.0,83.18000030517578,4728900,83.94999694824219,83.86000061035156,50.33009338378906
29-02-2012,83.5199966430664,84.0,5817000,84.30000305175781,83.5199966430664,50.126041412353516
01-03-2012,82.91000366210938,83.5,4944700,84.33000183105469,84.2300033569336,50.55216979980469
02-03-2012,83.79000091552734,84.29000091552734,4183300,84.7300033569336,84.55000305175781,50.74420928955078
05-03-2012,84.13999938964844,84.4000015258789,4097400,85.43000030517578,85.41999816894531,51.266361236572266
06-03-2012,83.97000122070312,84.81999969482422,6932900,85.41999816894531,84.05999755859375,50.45011901855469
07-03-2012,83.26000213623047,84.04000091552734,4852700,84.38999938964844,84.06999969482422,50.456138610839844
08-03-2012,84.54000091552734,84.80999755859375,3738200,85.16000366210938,84.62000274658203,50.78622055053711
09-03-2012,84.61000061035156,84.94000244140625,3601500,85.23999786376953,84.61000061035156,50.78023910522461
12-03-2012,83.9000015258789,84.93000030517578,8037600,85.55999755859375,84.54000091552734,50.73821258544922
13-03-2012,84.58999633789062,84.77999877929688,5132900,85.76000213623047,85.70999908447266,51.440399169921875
14-03-2012,84.94999694824219,85.33999633789062,5170700,85.76000213623047,85.44999694824219,51.28437423706055
15-03-2012,85.23999786376953,85.45999908447266,4849500,85.9000015258789,85.9000015258789,51.5544319152832
16-03-2012,85.54000091552734,85.97000122070312,7930600,86.16999816894531,85.80999755859375,51.500423431396484
19-03-2012,85.45999908447266,85.81999969482422,3724600,86.5999984741211,86.33999633789062,51.818519592285156
20-03-2012,85.81999969482422,85.83000183105469,4578900,86.66000366210938,86.54000091552734,51.93854904174805
21-03-2012,86.05999755859375,86.54000091552734,4892200,86.69999694824219,86.12000274658203,51.68648910522461
22-03-2012,85.91999816894531,85.9800033569336,6051300,87.13999938964844,86.83999633789062,52.11859130859375
23-03-2012,86.43000030517578,86.86000061035156,6264900,87.1500015258789,86.83000183105469,52.11259460449219
26-03-2012,87.0,87.08999633789062,6321400,88.51000213623047,88.1500015258789,52.904815673828125
27-03-2012,87.5199966430664,88.13999938964844,5187900,88.41999816894531,87.5199966430664,52.989585876464844
28-03-2012,86.62000274658203,87.5,6090500,87.58999633789062,86.97000122070312,52.656593322753906
29-03-2012,86.13999938964844,86.51000213623047,4906400,87.0,86.6500015258789,52.462825775146484
30-03-2012,87.06999969482422,87.06999969482422,6974800,88.86000061035156,88.61000061035156,53.64951705932617
02-04-2012,88.8499984741211,88.86000061035156,4848300,89.62000274658203,89.37999725341797,54.1157112121582
03-04-2012,88.29000091552734,88.79000091552734,7640600,89.0199966430664,88.9800033569336,53.87355422973633
04-04-2012,88.5999984741211,88.62999725341797,7032900,90.0999984741211,89.48999786376953,54.182342529296875
05-04-2012,88.11000061035156,89.0999984741211,6328000,89.25,88.63999938964844,53.66769790649414
09-04-2012,87.94999694824219,87.94999694824219,3422700,88.69999694824219,88.37000274658203,53.504215240478516
10-04-2012,86.88999938964844,88.08999633789062,5615400,88.2300033569336,87.05000305175781,52.70502471923828
11-04-2012,87.30000305175781,87.63999938964844,5166600,88.19999694824219,87.5199966430664,52.989585876464844
12-04-2012,86.62000274658203,87.73999786376953,5058900,87.77999877929688,87.26000213623047,52.83218002319336
13-04-2012,87.41000366210938,87.55000305175781,6023400,88.79000091552734,87.83999633789062,53.18333435058594
16-04-2012,86.52999877929688,88.16999816894531,5765900,88.26000213623047,87.04000091552734,52.69895935058594
17-04-2012,86.79000091552734,87.26000213623047,4819400,87.9000015258789,87.44999694824219,52.94718933105469
18-04-2012,86.62999725341797,87.0,4861600,88.11000061035156,87.73999786376953,53.12278747558594
19-04-2012,86.0999984741211,88.0,6089700,88.0,86.75,52.52338790893555
20-04-2012,86.13999938964844,86.37999725341797,6637800,88.31999969482422,87.80999755859375,53.165184020996094
23-04-2012,86.61000061035156,87.16000366210938,4677700,87.58000183105469,86.94000244140625,52.638427734375
24-04-2012,86.12000274658203,87.08999633789062,5064700,87.26000213623047,86.16999816894531,52.1722297668457
25-04-2012,86.18000030517578,86.4000015258789,6191900,87.87999725341797,87.63999938964844,53.062232971191406
26-04-2012,87.45999908447266,87.81999969482422,4545700,88.75,88.55000305175781,53.61320495605469
27-04-2012,88.66999816894531,88.98999786376953,7067800,90.62999725341797,89.80999755859375,54.37607955932617
30-04-2012,89.0,89.80999755859375,6439100,89.9800033569336,89.51000213623047,54.1944465637207
01-05-2012,89.30999755859375,89.30999755859375,5911600,91.05000305175781,90.0,54.491111755371094
02-05-2012,89.80999755859375,89.80999755859375,5132600,90.68000030517578,90.30999755859375,54.678810119628906
03-05-2012,89.5199966430664,90.0199966430664,5300000,90.62999725341797,89.95999908447266,54.46688461303711
04-05-2012,89.0,89.75,3710000,90.11000061035156,89.12999725341797,53.9643669128418
07-05-2012,88.22000122070312,88.98999786376953,5218200,89.18000030517578,88.27999877929688,53.44974136352539
08-05-2012,87.11000061035156,88.12000274658203,6154600,88.41000366210938,87.72000122070312,53.11067199707031
09-05-2012,85.63999938964844,86.83999633789062,7574900,86.9800033569336,85.63999938964844,51.851322174072266
10-05-2012,85.98999786376953,86.31999969482422,5120600,86.73999786376953,86.16000366210938,52.16615676879883
11-05-2012,85.56999969482422,85.56999969482422,4842300,86.47000122070312,86.1500015258789,52.160125732421875
14-05-2012,85.12999725341797,85.6500015258789,4833200,86.0,85.38999938964844,51.699947357177734
15-05-2012,84.55000305175781,85.2699966430664,4777200,85.66999816894531,84.72000122070312,51.294315338134766
16-05-2012,84.58000183105469,84.77999877929688,4998800,85.66000366210938,85.23999786376953,51.609130859375
17-05-2012,84.19000244140625,85.12000274658203,4578200,85.30999755859375,84.19999694824219,50.97947311401367
18-05-2012,84.11000061035156,84.5199966430664,6538900,85.30999755859375,84.30000305175781,51.04001235961914
21-05-2012,83.77999877929688,84.5999984741211,4646100,84.86000061035156,84.73999786376953,51.30641174316406
22-05-2012,84.69999694824219,84.98999786376953,4994900,85.7699966430664,85.05999755859375,51.50016403198242
23-05-2012,83.98999786376953,84.7300033569336,4938500,84.97000122070312,84.33000183105469,51.058170318603516
24-05-2012,84.33999633789062,84.43000030517578,5261700,85.5,85.33999633789062,51.66969680786133
25-05-2012,85.25,85.33999633789062,3603300,85.9000015258789,85.37999725341797,51.69392013549805
29-05-2012,84.91999816894531,85.43000030517578,3809500,85.7300033569336,85.58999633789062,51.821041107177734
30-05-2012,84.63999938964844,84.94999694824219,4203500,85.47000122070312,84.87999725341797,51.39116668701172
31-05-2012,84.41000366210938,84.83999633789062,5967600,85.26000213623047,84.51000213623047,51.16716766357422
01-06-2012,82.45999908447266,83.16000366210938,7960100,83.77999877929688,82.79000091552734,50.12577819824219
04-06-2012,81.33999633789062,82.62000274658203,6040300,82.69999694824219,81.91000366210938,49.59298324584961
05-06-2012,81.0999984741211,81.41000366210938,4298300,82.11000061035156,81.91000366210938,49.59298324584961
06-06-2012,81.91000366210938,82.01000213623047,4818100,83.06999969482422,83.06999969482422,50.29529571533203
07-06-2012,83.4000015258789,83.94999694824219,3599800,84.08000183105469,83.5999984741211,50.616188049316406
08-06-2012,83.2300033569336,83.4000015258789,3821300,84.11000061035156,83.97000122070312,50.84022521972656
11-06-2012,84.08000183105469,84.41000366210938,14009800,85.18000030517578,84.37999725341797,51.08844757080078
12-06-2012,84.33000183105469,84.63999938964844,4642200,85.47000122070312,85.01000213623047,51.46987533569336
13-06-2012,85.19999694824219,85.86000061035156,4648300,87.05000305175781,85.69999694824219,51.887657165527344
14-06-2012,85.88999938964844,85.98999786376953,4914600,87.98999786376953,87.33999633789062,52.88060760498047
15-06-2012,87.19000244140625,87.94000244140625,8794800,88.19000244140625,87.7300033569336,53.11672592163086
18-06-2012,87.30000305175781,87.5199966430664,4128500,88.68000030517578,88.12999725341797,53.358917236328125
19-06-2012,88.0999984741211,88.44000244140625,4908700,88.93000030517578,88.5199966430664,53.59505844116211
20-06-2012,87.83999633789062,88.4800033569336,4612600,88.80999755859375,88.51000213623047,53.58898162841797
21-06-2012,85.5,87.68000030517578,9160700,88.02999877929688,85.5999984741211,51.82710647583008
22-06-2012,85.55000305175781,86.08000183105469,7178700,86.58999633789062,86.01000213623047,52.075340270996094
25-06-2012,83.93000030517578,84.63999938964844,5044400,84.76000213623047,83.98999786376953,51.311683654785156
26-06-2012,83.79000091552734,84.05000305175781,4600100,84.44999694824219,84.02999877929688,51.33612823486328
27-06-2012,84.16000366210938,84.16000366210938,4641300,85.25,84.9000015258789,51.86763000488281
28-06-2012,84.08999633789062,84.36000061035156,4093200,85.80999755859375,85.62000274658203,52.3074951171875
29-06-2012,86.4000015258789,86.91000366210938,6269100,87.5999984741211,87.26000213623047,53.309425354003906
02-07-2012,87.19999694824219,87.33999633789062,4728400,89.05999755859375,89.0,54.372432708740234
03-07-2012,88.63999938964844,88.87999725341797,2487200,89.56999969482422,89.48999786376953,54.67177963256836
05-07-2012,88.5999984741211,89.22000122070312,3772700,89.56999969482422,88.9800033569336,54.3602180480957
06-07-2012,88.18000030517578,88.45999908447266,3780700,89.58000183105469,89.44999694824219,54.64735412597656
09-07-2012,89.22000122070312,89.30999755859375,5976200,90.98999786376953,90.61000061035156,55.35600280761719
10-07-2012,90.38999938964844,91.05999755859375,4399100,91.38999938964844,90.69999694824219,55.41099548339844
11-07-2012,90.23999786376953,90.62999725341797,4618800,91.06999969482422,90.54000091552734,55.3132438659668
12-07-2012,89.88999938964844,90.51000213623047,4797900,90.87999725341797,89.9000015258789,54.922271728515625
13-07-2012,89.75,90.08000183105469,3507600,90.48999786376953,90.20999908447266,55.11164855957031
16-07-2012,90.0199966430664,90.0999984741211,4117800,91.0,90.83999633789062,55.49653625488281
17-07-2012,89.25,90.52999877929688,4634100,91.0,89.98999786376953,54.97724151611328
18-07-2012,88.91999816894531,89.9000015258789,5162400,90.0,89.41000366210938,54.6229133605957
19-07-2012,89.30999755859375,89.51000213623047,6410400,90.7300033569336,89.55000305175781,54.70844268798828
20-07-2012,88.19000244140625,88.83000183105469,6255300,89.31999969482422,88.88999938964844,54.30522155761719
23-07-2012,87.77999877929688,88.30999755859375,4037100,88.95999908447266,87.98999786376953,53.75538635253906
24-07-2012,87.0199966430664,87.88999938964844,4915000,88.4000015258789,87.69000244140625,53.572113037109375
25-07-2012,86.83000183105469,87.80999755859375,4566700,88.06999969482422,86.88999938964844,53.0833854675293
26-07-2012,87.88999938964844,87.88999938964844,5348600,89.01000213623047,88.5999984741211,54.12805938720703
27-07-2012,87.75,88.41999816894531,6680300,90.98999786376953,90.30000305175781,55.1666374206543
30-07-2012,89.87000274658203,89.9000015258789,4151500,91.38999938964844,91.18000030517578,55.704246520996094
31-07-2012,90.8499984741211,91.16999816894531,5541000,91.80999755859375,91.44000244140625,55.86310958862305
01-08-2012,90.25,91.44999694824219,3362100,91.79000091552734,90.63999938964844,55.37434005737305
02-08-2012,89.55000305175781,90.30000305175781,3962700,90.91999816894531,90.06999969482422,55.0261116027832
03-08-2012,90.7300033569336,91.16999816894531,4123300,92.0,91.93000030517578,56.16244125366211
06-08-2012,91.80000305175781,92.0,4546100,93.1500015258789,92.2300033569336,56.34571075439453
07-08-2012,91.25,92.66000366210938,4299500,92.88999938964844,91.31999969482422,55.78977966308594
08-08-2012,90.55999755859375,91.19999694824219,3403700,92.01000213623047,91.7699966430664,56.064701080322266
09-08-2012,91.04000091552734,91.7699966430664,2807700,91.97000122070312,91.37999725341797,55.826438903808594
10-08-2012,91.05999755859375,91.0999984741211,2640000,92.43000030517578,92.20999908447266,56.3334846496582
13-08-2012,91.68000030517578,91.9800033569336,2418100,92.48999786376953,92.43000030517578,56.467918395996094
14-08-2012,92.11000061035156,92.48999786376953,4051500,93.4800033569336,93.13999938964844,56.90166473388672
15-08-2012,92.2699966430664,92.9800033569336,4163600,93.26000213623047,92.97000122070312,56.79779815673828
16-08-2012,92.08000183105469,92.45999908447266,4595400,93.4800033569336,93.29000091552734,56.993309020996094
17-08-2012,92.7300033569336,93.4800033569336,4161600,93.5,93.37999725341797,57.04828643798828
20-08-2012,92.98999786376953,93.38999938964844,2919500,93.5999984741211,93.16999816894531,56.91999053955078
21-08-2012,91.58999633789062,93.13999938964844,3779700,93.29000091552734,91.70999908447266,56.02804183959961
22-08-2012,90.8499984741211,91.38999938964844,3905800,91.58999633789062,90.87000274658203,55.514835357666016
23-08-2012,88.68000030517578,90.68000030517578,6914900,90.8499984741211,88.69000244140625,54.18304443359375
24-08-2012,88.27999877929688,88.55999755859375,5397900,89.98999786376953,89.76000213623047,54.83673858642578
27-08-2012,89.68000030517578,89.79000091552734,2943300,90.48999786376953,90.08999633789062,55.0383186340332
28-08-2012,89.77999877929688,89.80000305175781,3094500,91.23999786376953,90.87999725341797,55.520957946777344
29-08-2012,90.76000213623047,91.4800033569336,4027700,91.98999786376953,90.77999877929688,55.459877014160156
30-08-2012,90.30999755859375,90.83999633789062,2666900,90.95999908447266,90.55000305175781,55.31937026977539
31-08-2012,89.30000305175781,90.80999755859375,6626500,91.55999755859375,89.30000305175781,54.55571365356445
04-09-2012,89.16999816894531,89.44000244140625,3917000,89.94999694824219,89.62999725341797,54.7573127746582
05-09-2012,89.0,89.5199966430664,3766600,89.87999725341797,89.08999633789062,54.42741394042969
06-09-2012,89.0,89.11000061035156,5497600,90.0999984741211,89.4800033569336,54.66566848754883
07-09-2012,88.66999816894531,89.4000015258789,4860000,89.87999725341797,88.83000183105469,54.26857376098633
10-09-2012,87.97000122070312,88.63999938964844,4862200,88.8499984741211,88.62000274658203,54.14027786254883
11-09-2012,88.37999725341797,88.70999908447266,4193300,89.06999969482422,88.37999725341797,53.993648529052734
12-09-2012,86.11000061035156,88.58999633789062,8388100,88.58999633789062,86.66999816894531,52.94896697998047
13-09-2012,86.80000305175781,87.02999877929688,17534600,90.56999969482422,90.1500015258789,55.07499694824219
14-09-2012,88.83999633789062,89.5999984741211,19859500,90.05000305175781,89.4800033569336,54.66566848754883
17-09-2012,89.3499984741211,89.36000061035156,18849900,90.91000366210938,90.69000244140625,55.40489196777344
18-09-2012,90.51000213623047,90.69000244140625,4473800,91.8499984741211,91.51000213623047,55.905853271484375
19-09-2012,90.81999969482422,91.30000305175781,4209700,91.93000030517578,91.63999938964844,55.98529052734375
20-09-2012,91.51000213623047,91.51000213623047,5467100,92.25,92.12999725341797,56.28462600708008
21-09-2012,92.02999877929688,92.30000305175781,6761500,92.58999633789062,92.13999938964844,56.29072189331055
24-09-2012,91.5,92.01000213623047,3907400,92.31999969482422,92.12999725341797,56.28462600708008
25-09-2012,90.05999755859375,91.48999786376953,4973400,91.94999694824219,90.08000183105469,55.544700622558594
26-09-2012,89.94000244140625,90.08999633789062,3910900,90.94999694824219,90.41000366210938,55.7481575012207
27-09-2012,89.94000244140625,90.55999755859375,3860900,91.0199966430664,90.66000366210938,55.90232467651367
28-09-2012,89.7300033569336,90.5,5092900,90.5,89.94000244140625,55.4583740234375
01-10-2012,90.0,90.2699966430664,4336200,91.16999816894531,90.70999908447266,55.933135986328125
02-10-2012,91.0999984741211,91.0999984741211,3879800,92.0,91.8499984741211,56.63609313964844
03-10-2012,91.8499984741211,91.91999816894531,3823800,92.94000244140625,92.7699966430664,57.203365325927734
04-10-2012,92.98999786376953,93.04000091552734,3516700,94.0,93.30999755859375,57.53634262084961
05-10-2012,93.4000015258789,93.75,3906800,94.12999725341797,93.73999786376953,57.8015022277832
08-10-2012,93.02999877929688,93.69999694824219,2944600,93.86000061035156,93.3499984741211,57.5610237121582
09-10-2012,91.48999786376953,92.77999877929688,4057500,93.2300033569336,91.5,56.4202766418457
10-10-2012,90.69999694824219,91.66000366210938,3794600,92.36000061035156,90.77999877929688,55.976314544677734
11-10-2012,90.62000274658203,91.83999633789062,4422300,91.83999633789062,90.83999633789062,56.01331329345703
12-10-2012,91.37000274658203,91.4800033569336,3617300,92.77999877929688,91.69999694824219,56.54362487792969
15-10-2012,91.5,92.1500015258789,4761400,92.30999755859375,92.05999755859375,56.76557540893555
16-10-2012,91.94000244140625,92.48999786376953,2996300,92.80000305175781,92.5199966430664,57.049232482910156
17-10-2012,91.83000183105469,92.20999908447266,4829300,92.81999969482422,91.8499984741211,56.63609313964844
18-10-2012,87.95999908447266,89.08000183105469,8848900,90.36000061035156,88.0,54.262142181396484
19-10-2012,88.0,88.16000366210938,7140900,89.56999969482422,88.12000274658203,54.33611297607422
22-10-2012,88.0999984741211,88.27999877929688,4386700,89.41000366210938,89.19999694824219,55.00205612182617
23-10-2012,87.4000015258789,88.51000213623047,4171500,88.51000213623047,87.91000366210938,54.20662307739258
24-10-2012,87.51000213623047,87.80000305175781,3948800,88.43000030517578,87.7300033569336,54.095645904541016
25-10-2012,87.52999877929688,88.31999969482422,3710500,88.55999755859375,87.7300033569336,54.095645904541016
26-10-2012,87.4800033569336,87.94999694824219,4375000,88.97000122070312,88.27999877929688,54.43476486206055
31-10-2012,88.26000213623047,89.23999786376953,5379100,89.5,88.55999755859375,54.60741424560547
01-11-2012,87.55999755859375,88.97000122070312,5298000,89.43000030517578,87.58999633789062,54.00931167602539
02-11-2012,86.87000274658203,87.6500015258789,9707000,88.47000122070312,86.93000030517578,53.602352142333984
05-11-2012,85.66000366210938,86.61000061035156,4741200,87.44999694824219,86.79000091552734,53.51602554321289
06-11-2012,86.91999816894531,87.0,4059800,87.86000061035156,87.38999938964844,53.88600158691406
07-11-2012,86.33999633789062,87.16000366210938,5175400,87.58999633789062,86.3499984741211,53.24469757080078
08-11-2012,85.5199966430664,86.41999816894531,4271600,87.22000122070312,85.55000305175781,52.75141906738281
09-11-2012,84.52999877929688,84.7699966430664,3982600,86.4800033569336,85.41999816894531,52.67125701904297
12-11-2012,84.9000015258789,85.31999969482422,3493200,86.20999908447266,84.9800033569336,52.39994430541992
13-11-2012,84.3499984741211,84.58999633789062,5288800,85.55000305175781,84.41999816894531,52.05463409423828
14-11-2012,82.23999786376953,84.4000015258789,8158500,85.16999816894531,82.38999938964844,50.802913665771484
15-11-2012,82.0999984741211,82.19999694824219,7166800,84.02999877929688,83.97000122070312,51.777164459228516
16-11-2012,83.88999938964844,84.20999908447266,6501000,85.19999694824219,84.93000030517578,52.36912155151367
19-11-2012,85.54000091552734,85.58999633789062,5035500,86.86000061035156,86.86000061035156,53.55918884277344
20-11-2012,86.86000061035156,86.93000030517578,5853300,88.12999725341797,88.0999984741211,54.32379913330078
21-11-2012,88.01000213623047,88.18000030517578,3296700,88.87999725341797,88.72000122070312,54.706092834472656
23-11-2012,88.9000015258789,89.0,2169500,90.43000030517578,90.41000366210938,55.7481575012207
26-11-2012,89.13999938964844,89.83999633789062,3384100,90.0,89.87000274658203,55.41521453857422
27-11-2012,89.06999969482422,90.5199966430664,4474400,90.5199966430664,89.12999725341797,54.95889663696289
28-11-2012,88.25,89.0,5520800,90.04000091552734,89.91000366210938,55.43984603881836
29-11-2012,89.48999786376953,89.97000122070312,5658300,90.83999633789062,90.33000183105469,55.698822021484375
30-11-2012,89.55999755859375,89.93000030517578,7562500,90.4000015258789,89.87999725341797,55.42136764526367
03-12-2012,89.7300033569336,90.01000213623047,3848200,90.48999786376953,89.80000305175781,55.37203598022461
04-12-2012,88.94999694824219,89.80999755859375,4145400,89.94999694824219,88.94999694824219,54.847896575927734
05-12-2012,88.18000030517578,89.06999969482422,6070300,89.41999816894531,88.52999877929688,54.588932037353516
06-12-2012,88.37999725341797,88.6500015258789,4198900,89.56999969482422,88.66999816894531,54.67525863647461
07-12-2012,88.66999816894531,88.66999816894531,3897500,89.69999694824219,89.47000122070312,55.16854476928711
10-12-2012,88.98999786376953,89.16000366210938,3619300,89.95999908447266,89.06999969482422,54.92191696166992
11-12-2012,88.16999816894531,89.48999786376953,4918500,89.72000122070312,88.45999908447266,54.5457649230957
12-12-2012,88.51000213623047,88.9000015258789,4600700,89.69999694824219,88.77999877929688,54.743080139160156
13-12-2012,87.91000366210938,88.69000244140625,3898500,89.19999694824219,88.19999694824219,54.385467529296875
14-12-2012,87.51000213623047,87.51000213623047,4875800,88.30000305175781,87.75,54.10798263549805
17-12-2012,87.11000061035156,87.94999694824219,5717300,88.47000122070312,87.38999938964844,53.88600158691406
18-12-2012,85.37999725341797,87.27999877929688,8176600,87.44999694824219,86.51000213623047,53.343353271484375
19-12-2012,84.62000274658203,86.5199966430664,9307000,86.76000213623047,84.6500015258789,52.19646453857422
20-12-2012,83.79000091552734,84.44000244140625,7770400,85.56999969482422,85.5,52.74488830566406
21-12-2012,84.0999984741211,85.19000244140625,10896300,85.76000213623047,84.94999694824219,52.40559768676758
24-12-2012,83.5999984741211,83.5999984741211,2435100,84.26000213623047,83.73999786376953,51.71088790893555
26-12-2012,82.80999755859375,83.83000183105469,3509600,83.8499984741211,82.94999694824219,51.22304916381836
27-12-2012,82.91000366210938,83.13999938964844,5230400,83.93000030517578,83.7699966430664,51.72940444946289
28-12-2012,82.5999984741211,83.19999694824219,3911100,83.98999786376953,82.6500015258789,51.03780746459961
31-12-2012,82.44000244140625,82.72000122070312,5705000,83.73999786376953,83.63999938964844,51.64913558959961
02-01-2013,84.33000183105469,84.69999694824219,6499100,86.7699966430664,86.73999786376953,53.56343078613281
03-01-2013,85.4000015258789,86.94000244140625,5817000,87.31999969482422,85.86000061035156,53.02001953125
04-01-2013,85.87000274658203,86.0,4205800,86.6500015258789,86.5199966430664,53.42757797241211
07-01-2013,85.91000366210938,86.16999816894531,3980800,86.69999694824219,86.25,53.26084518432617
08-01-2013,85.97000122070312,86.22000122070312,4426100,86.55999755859375,86.08999633789062,53.16204071044922
09-01-2013,85.51000213623047,86.3499984741211,4776300,86.66000366210938,85.83000183105469,53.00148391723633
10-01-2013,86.31999969482422,86.37999725341797,5312800,87.29000091552734,87.29000091552734,53.90308380126953
11-01-2013,88.52999877929688,88.52999877929688,8106000,89.83000183105469,89.2300033569336,55.10106658935547
14-01-2013,88.7699966430664,89.33999633789062,4521100,89.66000366210938,89.06999969482422,55.002262115478516
15-01-2013,88.55000305175781,88.6500015258789,4439700,89.30999755859375,88.91999816894531,54.90962219238281
16-01-2013,87.9000015258789,88.44000244140625,3400400,88.77999877929688,88.33999633789062,54.55144500732422
17-01-2013,88.47000122070312,88.66000366210938,4568300,89.38999938964844,89.13999938964844,55.04548645019531
18-01-2013,88.9000015258789,89.41000366210938,5443600,89.9800033569336,89.9800033569336,55.5641975402832
22-01-2013,89.25,89.93000030517578,5937000,90.29000091552734,90.02999877929688,55.595062255859375
23-01-2013,88.54000091552734,89.7300033569336,4865200,90.0,88.83999633789062,54.8602180480957
24-01-2013,88.76000213623047,89.12000274658203,4403600,90.0,89.76000213623047,55.4283332824707
25-01-2013,89.0,89.83000183105469,4499700,90.0,89.41999816894531,55.21839141845703
28-01-2013,88.87999725341797,89.30999755859375,4549700,89.4000015258789,89.0,54.95903015136719
29-01-2013,88.55000305175781,88.63999938964844,4972700,89.55999755859375,88.91000366210938,54.9034538269043
30-01-2013,87.4000015258789,88.44000244140625,6468300,88.66999816894531,87.6500015258789,54.12537384033203
31-01-2013,87.6500015258789,87.80999755859375,5045200,89.0199966430664,88.16000366210938,54.44032287597656
01-02-2013,87.66000366210938,88.91999816894531,5420400,88.97000122070312,88.12999725341797,54.42177963256836
04-02-2013,86.80000305175781,87.52999877929688,5808700,88.05000305175781,87.33000183105469,53.92776870727539
05-02-2013,87.30999755859375,87.43000030517578,4546200,88.13999938964844,87.95999908447266,54.316810607910156
06-02-2013,87.36000061035156,87.75,3920500,87.91999816894531,87.69000244140625,54.15007400512695
07-02-2013,86.8499984741211,87.1500015258789,7478500,90.0,89.81999969482422,55.46537780761719
08-02-2013,89.63999938964844,89.63999938964844,4366500,90.8499984741211,90.44999694824219,55.85443878173828
11-02-2013,90.23999786376953,90.4000015258789,3283400,90.81999969482422,90.3499984741211,55.79267883300781
12-02-2013,90.01000213623047,90.62999725341797,3638500,90.7300033569336,90.13999938964844,55.662986755371094
13-02-2013,90.43000030517578,90.43000030517578,3852800,91.47000122070312,90.98999786376953,56.187889099121094
14-02-2013,89.8499984741211,90.86000061035156,5268700,90.98999786376953,90.01000213623047,55.58272171020508
15-02-2013,89.4000015258789,90.05999755859375,5235600,91.0,89.98999786376953,55.570369720458984
19-02-2013,90.08999633789062,90.37000274658203,4428500,91.4000015258789,91.30999755859375,56.385494232177734
20-02-2013,90.75,91.27999877929688,4866700,92.79000091552734,92.08999633789062,56.8671760559082
21-02-2013,91.3499984741211,91.61000061035156,5990900,93.61000061035156,93.12999725341797,57.509368896484375
22-02-2013,92.62999725341797,93.22000122070312,4070600,93.4800033569336,93.41999816894531,57.68846130371094
25-02-2013,91.55000305175781,93.27999877929688,6398900,93.56999969482422,91.55999755859375,56.53986358642578
26-02-2013,91.16000366210938,92.02999877929688,5150100,92.58999633789062,91.5999984741211,56.56456756591797
27-02-2013,90.7300033569336,91.36000061035156,4801300,91.81999969482422,91.43000030517578,56.4596061706543
28-02-2013,91.37999725341797,91.68000030517578,6038900,92.25,91.75,56.65721130371094
01-03-2013,91.13999938964844,91.69000244140625,4554100,92.66999816894531,91.44000244140625,56.465782165527344
04-03-2013,91.47000122070312,91.4800033569336,4116200,92.56999969482422,92.36000061035156,57.033878326416016
05-03-2013,91.91999816894531,92.5,4552800,92.91999816894531,92.27999877929688,56.984474182128906
06-03-2013,91.41000366210938,92.33999633789062,4083800,92.62999725341797,91.5999984741211,56.56456756591797
07-03-2013,91.4000015258789,91.4000015258789,3178600,91.95999908447266,91.80999755859375,56.694252014160156
08-03-2013,90.91000366210938,91.87000274658203,3946700,91.91999816894531,91.11000061035156,56.26197814941406
11-03-2013,90.81999969482422,90.9000015258789,3249400,91.55000305175781,91.20999908447266,56.32373809814453
12-03-2013,90.30000305175781,91.37999725341797,4420000,91.41999816894531,90.88999938964844,56.12614822387695
13-03-2013,90.04000091552734,90.83999633789062,4122500,90.9000015258789,90.55000305175781,55.91618728637695
14-03-2013,90.83000183105469,90.93000030517578,5079000,91.5999984741211,91.30999755859375,56.385494232177734
15-03-2013,90.23999786376953,90.9800033569336,9899400,91.62999725341797,91.37000274658203,56.42253494262695
18-03-2013,90.25,90.54000091552734,4503000,90.93000030517578,90.36000061035156,55.7988395690918
19-03-2013,90.29000091552734,90.58999633789062,3717900,91.22000122070312,90.80999755859375,56.07673263549805
20-03-2013,90.98999786376953,91.0,4184500,91.70999908447266,91.41999816894531,56.453433990478516
21-03-2013,90.87999725341797,91.12000274658203,4008600,91.54000091552734,91.05000305175781,56.22493362426758
22-03-2013,90.8499984741211,91.0,13665900,91.97000122070312,91.62000274658203,56.57691955566406
25-03-2013,91.77999877929688,91.98999786376953,14448600,92.62999725341797,91.98999786376953,56.80540084838867
26-03-2013,90.98999786376953,91.54000091552734,4675200,91.80999755859375,91.76000213623047,57.19184494018555
27-03-2013,91.23999786376953,91.29000091552734,4168300,92.63999938964844,92.0,57.34142303466797
28-03-2013,91.94999694824219,92.04000091552734,4424700,92.94000244140625,92.70999908447266,57.7839469909668
01-04-2013,92.06999969482422,92.73999786376953,2946600,92.80999755859375,92.77999877929688,57.82759094238281
02-04-2013,92.9000015258789,93.05000305175781,4619000,94.44999694824219,94.41000366210938,58.8435173034668
03-04-2013,94.06999969482422,94.58000183105469,6293500,95.31999969482422,94.36000061035156,58.812355041503906
04-04-2013,94.3499984741211,94.73999786376953,3820000,95.26000213623047,94.52999877929688,58.918304443359375
05-04-2013,92.33000183105469,93.79000091552734,5033400,94.0,92.72000122070312,57.79016876220703
08-04-2013,92.80000305175781,92.94000244140625,3674300,94.48999786376953,94.44000244140625,58.86222457885742
09-04-2013,94.05999755859375,94.7699966430664,3295400,95.0999984741211,94.54000091552734,58.92454147338867
10-04-2013,94.23999786376953,94.88999938964844,3744500,95.41999816894531,95.26000213623047,59.37331771850586
11-04-2013,95.02999877929688,95.33000183105469,3718300,96.06999969482422,95.5999984741211,59.58521270751953
12-04-2013,95.30000305175781,95.66999816894531,3944500,96.5999984741211,96.44000244140625,60.10877227783203
15-04-2013,94.08999633789062,95.94000244140625,5015900,96.16999816894531,94.11000061035156,58.65653610229492
16-04-2013,93.7300033569336,94.45999908447266,5630000,95.2300033569336,94.97000122070312,59.192569732666016
17-04-2013,93.5199966430664,94.56999969482422,4342800,94.72000122070312,94.04000091552734,58.6129035949707
18-04-2013,90.69999694824219,92.0,8277400,92.62000274658203,91.69000244140625,57.14820861816406
19-04-2013,91.5,91.94000244140625,5951000,92.5999984741211,91.94999694824219,57.31024932861328
22-04-2013,91.66999816894531,91.9000015258789,4176900,92.94999694824219,92.81999969482422,57.852516174316406
23-04-2013,92.0,93.27999877929688,4274000,93.87999725341797,93.5999984741211,58.33866882324219
24-04-2013,93.63999938964844,93.7699966430664,5209100,94.94000244140625,94.05000305175781,58.61914825439453
25-04-2013,94.20999908447266,94.47000122070312,3363200,94.80999755859375,94.63999938964844,58.986846923828125
26-04-2013,94.66999816894531,94.7699966430664,4369700,95.72000122070312,95.30999755859375,59.40445327758789
29-04-2013,94.95999908447266,95.30999755859375,3802700,96.12000274658203,95.95999908447266,59.80960464477539
30-04-2013,95.05999755859375,95.83000183105469,3716400,95.9000015258789,95.58999633789062,59.578983306884766
01-05-2013,95.22000122070312,95.31999969482422,5123100,96.7300033569336,95.66999816894531,59.628841400146484
02-05-2013,94.54000091552734,95.87999725341797,5691600,96.04000091552734,95.01000213623047,59.21747589111328
03-05-2013,94.05000305175781,95.45999908447266,5661500,95.5999984741211,94.26000213623047,58.750038146972656
06-05-2013,92.8499984741211,93.77999877929688,6189600,94.08000183105469,93.11000061035156,58.033260345458984
07-05-2013,93.0,93.12000274658203,4977600,93.88999938964844,93.61000061035156,58.34491729736328
08-05-2013,93.47000122070312,93.6500015258789,4239000,94.55999755859375,94.51000213623047,58.905860900878906
09-05-2013,93.43000030517578,94.37999725341797,3770900,94.54000091552734,93.70999908447266,58.4072151184082
10-05-2013,93.0,93.94999694824219,5357900,94.0999984741211,93.31999969482422,58.164146423339844
13-05-2013,93.02999877929688,93.16000366210938,4749300,94.54000091552734,94.04000091552734,58.6129035949707
14-05-2013,93.83999633789062,93.97000122070312,4634400,95.04000091552734,94.95999908447266,59.18633270263672
15-05-2013,94.97000122070312,95.05999755859375,5042600,96.30999755859375,96.30000305175781,60.02149200439453
16-05-2013,95.25,95.80999755859375,5138800,96.31999969482422,95.44000244140625,59.48549270629883
17-05-2013,94.95999908447266,95.52999877929688,5141000,96.01000213623047,95.68000030517578,59.63508987426758
20-05-2013,94.75,95.68000030517578,3855300,95.75,95.0,59.21125030517578
21-05-2013,93.69000244140625,94.94000244140625,5202400,94.97000122070312,94.4000015258789,58.8372802734375
22-05-2013,93.75,93.94000244140625,7011900,95.33000183105469,93.97000122070312,58.569271087646484
23-05-2013,93.30000305175781,93.4000015258789,5458000,94.5999984741211,94.30999755859375,58.781185150146484
24-05-2013,93.33000183105469,93.86000061035156,3815700,94.43000030517578,94.12000274658203,58.66276931762695
28-05-2013,93.16000366210938,94.88999938964844,6276300,95.5999984741211,93.36000061035156,58.18906784057617
29-05-2013,91.44999694824219,92.66999816894531,6789000,92.73999786376953,92.25,57.497249603271484
30-05-2013,92.0199966430664,92.25,4373900,92.91000366210938,92.41999816894531,57.60319137573242
31-05-2013,90.88999938964844,91.97000122070312,7408600,92.56999969482422,90.91000366210938,56.66204833984375
03-06-2013,90.19999694824219,90.94999694824219,6554000,92.66000366210938,92.37999725341797,57.578277587890625
04-06-2013,91.41999816894531,92.37999725341797,4728500,92.81999969482422,91.88999938964844,57.27286148071289
05-06-2013,90.41000366210938,91.66000366210938,4480200,91.72000122070312,90.47000122070312,56.38780212402344
06-06-2013,89.43000030517578,90.1500015258789,9930500,92.0,92.0,57.34142303466797
07-06-2013,91.06999969482422,92.6500015258789,5650600,93.06999969482422,92.08999633789062,57.39753341674805
10-06-2013,91.41000366210938,92.26000213623047,3888200,92.7300033569336,91.62999725341797,57.110809326171875
11-06-2013,90.8499984741211,91.08999633789062,3648100,92.33000183105469,91.2300033569336,56.86151123046875
12-06-2013,91.0999984741211,91.69999694824219,4194800,92.1500015258789,91.6500015258789,57.12327194213867
13-06-2013,91.36000061035156,91.73999786376953,3899900,92.7699966430664,92.58000183105469,57.70292282104492
14-06-2013,91.97000122070312,92.31999969482422,3811100,93.16999816894531,92.12000274658203,57.41621398925781
17-06-2013,91.81999969482422,92.43000030517578,4584500,93.0,92.47000122070312,57.6343879699707
18-06-2013,91.94000244140625,92.51000213623047,2888100,92.87999725341797,92.6500015258789,57.746551513671875
19-06-2013,90.26000213623047,92.7300033569336,4843400,93.12999725341797,90.26000213623047,56.25693130493164
20-06-2013,86.33000183105469,89.86000061035156,9511400,89.86000061035156,86.62999725341797,53.994415283203125
21-06-2013,86.6500015258789,87.4800033569336,11088400,88.44000244140625,87.45999908447266,54.51176071166992
24-06-2013,86.05000305175781,86.61000061035156,6824800,88.02999877929688,86.8499984741211,54.13155746459961
25-06-2013,86.05000305175781,86.56999969482422,6387200,86.94000244140625,86.5,54.446258544921875
26-06-2013,86.94000244140625,87.12000274658203,6448100,88.41000366210938,87.54000091552734,55.10087966918945
27-06-2013,87.69000244140625,88.37000274658203,5276500,88.95999908447266,87.77999877929688,55.25193405151367
28-06-2013,86.55999755859375,87.5,11121000,88.31999969482422,86.62000274658203,54.52181625366211
01-07-2013,87.11000061035156,87.11000061035156,5338100,87.95999908447266,87.52999877929688,55.0945930480957
02-07-2013,87.05000305175781,87.38999938964844,4775900,88.37999725341797,87.55999755859375,55.11344909667969
03-07-2013,86.80000305175781,87.08000183105469,2070400,88.18000030517578,87.75,55.23306655883789
05-07-2013,86.58000183105469,88.12000274658203,3039500,88.25,87.51000213623047,55.08201217651367
08-07-2013,87.77999877929688,88.01000213623047,4373500,89.12000274658203,88.56999969482422,55.74919891357422
09-07-2013,88.93000030517578,89.27999877929688,4290500,89.9000015258789,89.18000030517578,56.13315963745117
10-07-2013,88.22000122070312,89.22000122070312,5005700,89.91000366210938,88.43000030517578,55.661094665527344
11-07-2013,89.66000366210938,89.83999633789062,5808600,91.08000183105469,90.33999633789062,56.863319396972656
12-07-2013,89.04000091552734,90.98999786376953,4957000,91.4000015258789,89.69999694824219,56.460453033447266
15-07-2013,89.20999908447266,89.68000030517578,3612400,90.18000030517578,89.61000061035156,56.40382385253906
16-07-2013,89.30999755859375,89.5199966430664,4933700,90.75,89.94999694824219,56.61783218383789
17-07-2013,89.70999908447266,90.26000213623047,4354200,90.6500015258789,89.70999908447266,56.466758728027344
18-07-2013,87.6500015258789,88.27999877929688,6148200,90.19999694824219,89.25,56.17720413208008
19-07-2013,88.44999694824219,89.30999755859375,5242400,89.48999786376953,88.61000061035156,55.77437973022461
22-07-2013,88.56999969482422,89.0,4326700,90.0999984741211,89.2300033569336,56.16463851928711
23-07-2013,88.58000183105469,89.19999694824219,4164800,89.68000030517578,88.77999877929688,55.88138961791992
24-07-2013,87.88999938964844,88.83999633789062,5171600,88.93000030517578,88.54000091552734,55.730323791503906
25-07-2013,88.08999633789062,88.08999633789062,3956400,89.66999816894531,89.22000122070312,56.158321380615234
26-07-2013,87.72000122070312,88.68000030517578,3825700,88.98999786376953,88.87999725341797,55.94431686401367
29-07-2013,88.3499984741211,88.5999984741211,3250200,89.13999938964844,88.66999816894531,55.8121337890625
30-07-2013,88.66999816894531,89.0999984741211,3672200,89.44000244140625,89.16999816894531,56.12687301635742
31-07-2013,88.83000183105469,89.13999938964844,5371200,89.94000244140625,89.18000030517578,56.13315963745117
01-08-2013,89.37000274658203,89.61000061035156,5262700,89.9000015258789,89.70999908447266,56.466758728027344
02-08-2013,89.11000061035156,89.38999938964844,3507000,89.75,89.58999633789062,56.3912239074707
05-08-2013,88.70999908447266,89.38999938964844,2791100,89.55999755859375,89.22000122070312,56.158321380615234
06-08-2013,88.55999755859375,89.01000213623047,4230000,89.16999816894531,88.7699966430664,55.87507629394531
07-08-2013,87.87999725341797,88.6500015258789,4218900,88.6500015258789,88.20999908447266,55.522605895996094
08-08-2013,88.41000366210938,88.5199966430664,4193400,89.80000305175781,89.36000061035156,56.24646759033203
09-08-2013,88.43000030517578,89.3499984741211,3338200,89.56999969482422,88.69999694824219,55.83103561401367
12-08-2013,88.0,88.20999908447266,2918500,88.7300033569336,88.30000305175781,55.57925033569336
13-08-2013,87.58000183105469,88.20999908447266,3035900,88.58999633789062,88.33000183105469,55.59814453125
14-08-2013,87.80999755859375,88.5199966430664,2942200,88.9800033569336,88.18000030517578,55.503719329833984
15-08-2013,86.94999694824219,87.79000091552734,3630400,88.02999877929688,87.13999938964844,54.849098205566406
16-08-2013,85.5999984741211,86.69999694824219,4711100,87.1500015258789,85.75,53.97418975830078
19-08-2013,85.05999755859375,85.5999984741211,4447100,85.80000305175781,85.16000366210938,53.60283279418945
20-08-2013,84.18000030517578,85.22000122070312,5963200,85.23999786376953,84.20999908447266,53.004859924316406
21-08-2013,83.66999816894531,84.12999725341797,7091700,84.80999755859375,83.7699966430664,52.72789764404297
22-08-2013,83.73999786376953,83.73999786376953,4718800,84.37000274658203,84.16999816894531,52.97968292236328
23-08-2013,84.2699966430664,84.3499984741211,4331400,85.63999938964844,85.37000274658203,53.735008239746094
26-08-2013,84.41000366210938,85.5,3420100,85.6500015258789,84.41000366210938,53.1307487487793
27-08-2013,83.52999877929688,83.98999786376953,5002600,84.58999633789062,84.11000061035156,52.941917419433594
28-08-2013,82.9000015258789,83.7699966430664,6096300,83.80999755859375,82.94999694824219,52.211769104003906
29-08-2013,82.86000061035156,83.02999877929688,4510700,84.41999816894531,83.87999725341797,52.7971305847168
30-08-2013,83.1500015258789,83.66999816894531,4386000,84.0,83.44000244140625,52.52019500732422
03-09-2013,83.16000366210938,83.83000183105469,4725500,84.38999938964844,83.4000015258789,52.4950065612793
04-09-2013,83.19999694824219,83.27999877929688,3708000,84.30999755859375,83.8499984741211,52.77826690673828
05-09-2013,83.69000244140625,83.95999908447266,4310700,84.75,84.0999984741211,52.93562316894531
06-09-2013,83.55999755859375,84.37999725341797,3574500,84.62000274658203,84.19000244140625,52.992286682128906
09-09-2013,83.7300033569336,84.41000366210938,3965200,84.5199966430664,84.51000213623047,53.19369125366211
10-09-2013,84.04000091552734,84.79000091552734,4462500,84.91000366210938,84.2300033569336,53.01744842529297
11-09-2013,84.61000061035156,84.69000244140625,5591800,86.58000183105469,86.55999755859375,54.48404312133789
12-09-2013,85.9800033569336,86.5999984741211,4237800,86.7300033569336,86.27999877929688,54.30778121948242
13-09-2013,86.48999786376953,86.48999786376953,4455700,87.87999725341797,87.77999877929688,55.25193405151367
16-09-2013,87.7300033569336,88.68000030517578,4262900,89.08000183105469,87.8499984741211,55.2960090637207
17-09-2013,87.72000122070312,87.7699966430664,4154100,88.3499984741211,88.22000122070312,55.528907775878906
18-09-2013,87.83000183105469,88.30999755859375,5829800,90.22000122070312,89.94999694824219,56.61783218383789
19-09-2013,89.88999938964844,90.08000183105469,4761800,91.25,90.54000091552734,56.98918533325195
20-09-2013,90.36000061035156,90.66000366210938,20793500,90.95999908447266,90.47000122070312,56.94512939453125
23-09-2013,89.26000213623047,90.12000274658203,13825500,90.16000366210938,89.75,56.4919319152832
24-09-2013,87.2699966430664,88.48999786376953,5731000,88.55000305175781,87.41000366210938,55.60139465332031
25-09-2013,86.55999755859375,87.4000015258789,3990000,87.5999984741211,86.91000366210938,55.283348083496094
26-09-2013,86.7699966430664,87.0199966430664,3597600,87.72000122070312,87.69000244140625,55.77949905395508
27-09-2013,86.72000122070312,87.26000213623047,3319400,87.45999908447266,87.33000183105469,55.55051040649414
30-09-2013,86.27999877929688,86.72000122070312,4288500,87.20999908447266,86.58999633789062,55.079795837402344
01-10-2013,86.5199966430664,86.7300033569336,3538600,87.43000030517578,87.37000274658203,55.575950622558594
02-10-2013,86.56999969482422,86.9800033569336,4335900,87.7699966430664,87.72000122070312,55.798583984375
03-10-2013,86.80000305175781,87.54000091552734,3987700,87.94999694824219,87.48999786376953,55.65229415893555
04-10-2013,86.73999786376953,87.44000244140625,3600100,87.69000244140625,87.04000091552734,55.36604309082031
07-10-2013,86.47000122070312,86.62999725341797,3728500,87.26000213623047,86.58000183105469,55.07343292236328
08-10-2013,85.9000015258789,86.41999816894531,4643400,87.02999877929688,85.94000244140625,54.666343688964844
09-10-2013,84.16000366210938,86.08000183105469,7307300,86.41999816894531,84.16000366210938,53.53408432006836
10-10-2013,84.80000305175781,84.80000305175781,5831400,86.19999694824219,86.16000366210938,54.80628204345703
11-10-2013,84.70999908447266,86.29000091552734,5988600,86.70999908447266,85.02999877929688,54.08747863769531
14-10-2013,84.66000366210938,84.69000244140625,4534500,87.05000305175781,86.69000244140625,55.143409729003906
15-10-2013,85.4000015258789,86.55999755859375,4978700,86.55999755859375,85.5,54.386451721191406
16-10-2013,85.4000015258789,85.94999694824219,4808700,86.25,86.08999633789062,54.76173782348633
17-10-2013,85.79000091552734,85.83000183105469,6286300,87.5,86.88999938964844,55.270626068115234
18-10-2013,86.11000061035156,86.8499984741211,5654300,87.23999786376953,86.93000030517578,55.29606628417969
21-10-2013,86.37999725341797,86.63999938964844,3437900,86.97000122070312,86.8499984741211,55.24517822265625
22-10-2013,86.20999908447266,86.7699966430664,5247600,87.91999816894531,87.77999877929688,55.836734771728516
23-10-2013,87.29000091552734,87.4000015258789,4229100,88.81999969482422,88.12000274658203,56.05302047729492
24-10-2013,88.01000213623047,88.6500015258789,5116000,89.20999908447266,88.18000030517578,56.091182708740234
25-10-2013,87.69000244140625,87.7699966430664,4610000,88.6500015258789,88.5999984741211,56.35835647583008
28-10-2013,88.51000213623047,88.7300033569336,5250800,90.37999725341797,89.9000015258789,57.18526840209961
29-10-2013,89.4000015258789,90.0999984741211,4294300,90.5,90.36000061035156,57.477882385253906
30-10-2013,89.30999755859375,90.58999633789062,3723500,90.66000366210938,89.33999633789062,56.8290901184082
31-10-2013,88.80000305175781,89.2300033569336,5339800,90.0999984741211,89.12000274658203,56.68913269042969
01-11-2013,89.19999694824219,89.36000061035156,4094500,90.1500015258789,89.76000213623047,57.09621810913086
04-11-2013,89.58999633789062,90.1500015258789,3589200,90.3499984741211,90.25,57.407936096191406
05-11-2013,89.83000183105469,90.06999969482422,3085100,90.48999786376953,90.12999725341797,57.33158874511719
06-11-2013,90.27999877929688,90.44000244140625,3902600,91.23999786376953,91.01000213623047,57.8913688659668
07-11-2013,89.58999633789062,91.04000091552734,5184400,91.25,89.97000122070312,57.22981643676758
08-11-2013,88.70999908447266,89.73999786376953,4972600,89.79000091552734,89.41000366210938,56.87358474731445
11-11-2013,89.25,89.36000061035156,3417700,90.97000122070312,89.7300033569336,57.07716751098633
12-11-2013,88.83000183105469,89.61000061035156,3910100,89.76000213623047,89.75,57.08987045288086
13-11-2013,89.36000061035156,89.4000015258789,3723300,90.72000122070312,90.62000274658203,57.64328384399414
14-11-2013,90.58999633789062,90.66999816894531,3765700,91.23999786376953,90.69999694824219,57.694149017333984
15-11-2013,90.4800033569336,90.55000305175781,4089300,91.4000015258789,91.36000061035156,58.11399841308594
18-11-2013,91.31999969482422,91.31999969482422,3463800,91.80999755859375,91.63999938964844,58.292083740234375
19-11-2013,91.04000091552734,91.44999694824219,3162500,91.68000030517578,91.47000122070312,58.18396759033203
20-11-2013,88.5999984741211,91.52999877929688,10067500,91.80999755859375,89.30000305175781,56.80363464355469
21-11-2013,84.9000015258789,87.33999633789062,15638000,87.95999908447266,86.5999984741211,55.086158752441406
22-11-2013,86.27999877929688,86.77999877929688,7114700,87.29000091552734,86.94999694824219,55.30879211425781
25-11-2013,86.20999908447266,87.13999938964844,4688400,87.18000030517578,86.29000091552734,54.88897705078125
26-11-2013,84.86000061035156,86.12000274658203,8403300,86.37000274658203,85.4800033569336,54.37373352050781
27-11-2013,85.25,85.44000244140625,3626400,85.7699966430664,85.5,54.386451721191406
29-11-2013,85.30000305175781,85.75,2990400,86.01000213623047,85.54000091552734,54.41189956665039
02-12-2013,85.0,85.33000183105469,3904000,85.69999694824219,85.06999969482422,54.11294174194336
03-12-2013,84.8499984741211,84.8499984741211,5200800,85.76000213623047,85.76000213623047,54.55182647705078
04-12-2013,85.01000213623047,85.31999969482422,4495400,86.04000091552734,85.91000366210938,54.64726638793945
05-12-2013,85.11000061035156,85.69000244140625,5591800,86.08999633789062,85.51000213623047,54.39281463623047
06-12-2013,85.5999984741211,86.30999755859375,4844800,86.55000305175781,85.83000183105469,54.59636306762695
09-12-2013,85.58999633789062,86.04000091552734,4597600,86.44000244140625,86.3499984741211,54.92713165283203
10-12-2013,85.37999725341797,86.25,4756300,86.48999786376953,85.79000091552734,54.5709114074707
11-12-2013,85.51000213623047,86.01000213623047,5352100,86.29000091552734,85.91999816894531,54.65361785888672
12-12-2013,85.20999908447266,85.7300033569336,4616800,85.8499984741211,85.31999969482422,54.27195358276367
13-12-2013,84.9000015258789,85.44999694824219,3650000,85.58000183105469,85.23999786376953,54.22105407714844
16-12-2013,84.62000274658203,85.2699966430664,5500600,85.2699966430664,84.75,53.90937805175781
17-12-2013,84.31999969482422,84.70999908447266,5663200,84.86000061035156,84.6500015258789,53.84577560424805
18-12-2013,83.80999755859375,84.98999786376953,6874300,85.55999755859375,85.4800033569336,54.37373352050781
19-12-2013,84.81999969482422,85.33000183105469,5667300,85.68000030517578,85.4800033569336,54.37373352050781
20-12-2013,85.30999755859375,85.55000305175781,9643600,85.86000061035156,85.5199966430664,54.399166107177734
23-12-2013,84.33000183105469,84.83999633789062,4166600,85.38999938964844,85.25,54.8300895690918
24-12-2013,85.01000213623047,85.08999633789062,1909600,85.98999786376953,85.43000030517578,54.94587707519531
26-12-2013,85.43000030517578,85.4800033569336,2624000,86.13999938964844,86.01000213623047,55.31890106201172
27-12-2013,86.08999633789062,86.19999694824219,3046000,86.93000030517578,86.73999786376953,55.78841018676758
30-12-2013,85.83999633789062,86.56999969482422,3908300,86.88999938964844,86.5999984741211,55.69837951660156
31-12-2013,86.41999816894531,86.62999725341797,3799000,87.33999633789062,87.12999725341797,56.03925323486328
02-01-2014,85.75,87.0,3748000,87.19999694824219,86.0199966430664,55.32530975341797
03-01-2014,85.51000213623047,86.25,3847000,86.5,85.52999877929688,55.01017379760742
06-01-2014,84.55000305175781,85.55000305175781,5323900,85.56999969482422,84.93000030517578,54.6242790222168
07-01-2014,84.52999877929688,85.12000274658203,7502500,85.66999816894531,84.68000030517578,54.46347427368164
08-01-2014,82.93000030517578,84.5,10906300,84.61000061035156,83.2699966430664,53.55662536621094
09-01-2014,82.61000061035156,83.25,6690100,83.62999725341797,83.30999755859375,53.58235168457031
10-01-2014,82.41000366210938,83.95999908447266,9047600,84.05000305175781,82.56999969482422,53.106407165527344
13-01-2014,82.2699966430664,82.44000244140625,6999000,82.95999908447266,82.44999694824219,53.02922439575195
14-01-2014,82.30999755859375,82.73999786376953,6103200,83.0,82.44999694824219,53.02922439575195
15-01-2014,82.3499984741211,82.44999694824219,5525800,83.30000305175781,83.08000183105469,53.43441390991211
16-01-2014,82.62000274658203,82.95999908447266,6866200,84.55000305175781,84.5199966430664,54.360572814941406
17-01-2014,83.19999694824219,84.12999725341797,6171600,84.26000213623047,83.33000183105469,53.59521484375
21-01-2014,83.41000366210938,84.31999969482422,4528100,84.54000091552734,83.98999786376953,54.01969528198242
22-01-2014,83.44999694824219,83.91999816894531,3401900,84.41000366210938,84.19000244140625,54.14833068847656
23-01-2014,83.0,83.61000061035156,4534300,84.41000366210938,83.54000091552734,53.73026657104492
24-01-2014,81.5,82.95999908447266,8040200,83.18000030517578,81.5,52.41820526123047
27-01-2014,80.7699966430664,81.62999725341797,5444200,81.86000061035156,80.77999877929688,51.95513916015625
28-01-2014,80.51000213623047,80.88999938964844,5951100,81.01000213623047,80.80999755859375,51.974422454833984
29-01-2014,78.33000183105469,80.47000122070312,10371500,80.47000122070312,79.44000244140625,51.093284606933594
30-01-2014,78.93000030517578,79.61000061035156,7011600,79.80000305175781,79.08999633789062,50.8681755065918
31-01-2014,77.19000244140625,78.30999755859375,8001800,78.94999694824219,78.13999938964844,50.25716018676758
03-02-2014,75.27999877929688,78.08999633789062,9837000,78.19000244140625,75.38999938964844,48.48844909667969
04-02-2014,75.56999969482422,75.8499984741211,7917900,77.2300033569336,76.87999725341797,49.44678497314453
05-02-2014,76.05999755859375,76.55999755859375,7038800,77.08000183105469,76.9000015258789,49.45964813232422
06-02-2014,76.66000366210938,76.87999725341797,8400900,78.79000091552734,78.11000061035156,50.23787307739258
07-02-2014,78.16999816894531,78.33000183105469,8628100,80.29000091552734,80.25,51.614261627197266
10-02-2014,78.44000244140625,79.94999694824219,6526000,80.0999984741211,78.80999755859375,50.688087463378906
11-02-2014,78.01000213623047,78.61000061035156,6011300,79.5,79.45999908447266,51.106143951416016
12-02-2014,78.30999755859375,79.63999938964844,5160000,79.66000366210938,78.44000244140625,50.45011520385742
13-02-2014,77.55000305175781,78.25,4595200,79.31999969482422,79.23999786376953,50.96465301513672
14-02-2014,78.87999725341797,79.30999755859375,6641400,80.55000305175781,80.38999938964844,51.704307556152344
18-02-2014,80.0,80.20999908447266,5987900,80.94000244140625,80.01000213623047,51.45988845825195
19-02-2014,79.5,79.7699966430664,4469700,80.19000244140625,79.5999984741211,51.196189880371094
20-02-2014,79.25,79.62999725341797,4545900,80.1500015258789,79.70999908447266,51.26694107055664
21-02-2014,78.9000015258789,79.63999938964844,5425100,79.94000244140625,78.97000122070312,50.79098892211914
24-02-2014,78.5199966430664,78.79000091552734,5043600,79.63999938964844,79.16999816894531,50.919620513916016
25-02-2014,79.33000183105469,79.4000015258789,5361500,80.08999633789062,79.93000030517578,51.408443450927734
26-02-2014,78.91999816894531,80.05000305175781,5278200,80.08000183105469,79.5,51.131858825683594
27-02-2014,79.3499984741211,79.5,5974200,81.13999938964844,80.77999877929688,51.95513916015625
28-02-2014,80.51000213623047,81.16000366210938,4569000,81.5999984741211,80.91000366210938,52.03876495361328
03-03-2014,79.7699966430664,80.25,5289900,80.97000122070312,80.44999694824219,51.742881774902344
04-03-2014,80.98999786376953,81.0,5595700,81.86000061035156,81.58000183105469,52.46965789794922
05-03-2014,80.7699966430664,81.87000274658203,3844300,81.87999725341797,81.06999969482422,52.141639709472656
06-03-2014,80.79000091552734,81.19999694824219,5150000,81.5,80.91000366210938,52.03876495361328
07-03-2014,79.22000122070312,81.0199966430664,5384600,81.04000091552734,80.33999633789062,51.6721305847168
10-03-2014,80.04000091552734,80.31999969482422,4571400,80.56999969482422,80.43000030517578,51.73002243041992
11-03-2014,79.1500015258789,80.62000274658203,5318200,80.8499984741211,79.5199966430664,51.144752502441406
12-03-2014,78.79000091552734,79.1500015258789,4363900,79.44999694824219,79.16999816894531,50.919620513916016
13-03-2014,79.05999755859375,79.41000366210938,4285700,79.88999938964844,79.2300033569336,50.95821762084961
14-03-2014,79.18000030517578,79.25,4814700,80.4800033569336,79.88999938964844,51.38271713256836
17-03-2014,80.0,80.01000213623047,4453800,80.68000030517578,80.27999877929688,51.633541107177734
18-03-2014,80.13999938964844,80.27999877929688,3698700,80.91000366210938,80.47000122070312,51.75575637817383
19-03-2014,79.41000366210938,80.47000122070312,4961100,81.19999694824219,79.66000366210938,51.23479080200195
20-03-2014,79.44999694824219,79.62999725341797,4402700,80.45999908447266,80.43000030517578,51.73002243041992
21-03-2014,80.54000091552734,81.08999633789062,10868500,81.44999694824219,81.0,52.09661865234375
24-03-2014,80.30999755859375,81.12000274658203,5277300,81.19000244140625,80.41999816894531,51.72358703613281
25-03-2014,79.66999816894531,79.68000030517578,4736800,80.36000061035156,80.19999694824219,52.19215393066406
26-03-2014,80.18000030517578,80.18000030517578,4872200,81.04000091552734,80.41999816894531,52.3353157043457
27-03-2014,79.93000030517578,80.25,4652800,80.43000030517578,80.06999969482422,52.10755157470703
28-03-2014,80.1500015258789,80.20999908447266,4106000,81.0199966430664,81.0199966430664,52.725799560546875
31-03-2014,81.02999877929688,81.2300033569336,6300400,81.94999694824219,81.87000274658203,53.278934478759766
01-04-2014,81.69999694824219,81.73999786376953,5297200,82.33000183105469,82.20999908447266,53.500213623046875
02-04-2014,82.16000366210938,82.31999969482422,4265000,82.5,82.45999908447266,53.662899017333984
03-04-2014,82.0,82.52999877929688,3642600,82.68000030517578,82.27999877929688,53.5457649230957
04-04-2014,82.5199966430664,82.93000030517578,5710300,83.1500015258789,82.80999755859375,53.89067077636719
07-04-2014,82.7300033569336,82.76000213623047,5229900,83.31999969482422,82.88999938964844,53.94272232055664
08-04-2014,82.97000122070312,82.97000122070312,5546700,84.23999786376953,83.81999969482422,54.54794692993164
09-04-2014,83.2699966430664,83.95999908447266,3845000,84.0199966430664,83.87999725341797,54.58699035644531
10-04-2014,83.36000061035156,84.08000183105469,6411300,84.97000122070312,83.5199966430664,54.35273361206055
11-04-2014,82.70999908447266,83.36000061035156,5563000,83.98999786376953,83.13999938964844,54.105430603027344
14-04-2014,83.36000061035156,83.6500015258789,4928000,84.47000122070312,84.16999816894531,54.775733947753906
15-04-2014,83.55000305175781,84.08999633789062,4872600,84.4800033569336,84.37999725341797,54.912376403808594
16-04-2014,84.0999984741211,84.75,5248400,84.81999969482422,84.79000091552734,55.17921447753906
17-04-2014,82.12000274658203,83.62000274658203,7858500,84.05000305175781,83.1500015258789,54.11192321777344
21-04-2014,82.5,82.9800033569336,3709400,83.61000061035156,83.5,54.33971405029297
22-04-2014,82.95999908447266,83.3499984741211,3728000,83.88999938964844,83.54000091552734,54.36574172973633
23-04-2014,83.25,83.48999786376953,3745500,83.94000244140625,83.3499984741211,54.242095947265625
24-04-2014,83.01000213623047,83.19999694824219,3697000,84.01000213623047,83.48999786376953,54.333194732666016
25-04-2014,83.4000015258789,83.4000015258789,4375200,84.19999694824219,84.11000061035156,54.73667526245117
28-04-2014,84.47000122070312,84.58000183105469,7172000,85.62000274658203,84.9800033569336,55.302852630615234
29-04-2014,84.87000274658203,84.9800033569336,4488500,85.83000183105469,85.19000244140625,55.43951416015625
30-04-2014,84.79000091552734,85.01000213623047,4974100,85.58999633789062,85.43000030517578,55.59571075439453
01-05-2014,85.20999908447266,85.48999786376953,3504500,85.95999908447266,85.72000122070312,55.7844352722168
02-05-2014,85.1500015258789,85.7699966430664,3596100,85.7699966430664,85.37999725341797,55.563167572021484
05-05-2014,84.81999969482422,85.0199966430664,2328300,85.51000213623047,85.33999633789062,55.53711700439453
06-05-2014,85.0,85.18000030517578,3258100,85.55000305175781,85.27999877929688,55.49809646606445
07-05-2014,85.11000061035156,85.29000091552734,3605000,85.93000030517578,85.80000305175781,55.836490631103516
08-05-2014,85.19999694824219,85.70999908447266,3510800,86.37999725341797,86.20999908447266,56.10331726074219
09-05-2014,85.94000244140625,86.02999877929688,2863700,86.5199966430664,86.4000015258789,56.22696304321289
12-05-2014,85.88999938964844,86.81999969482422,3232800,86.9000015258789,86.12999725341797,56.0512580871582
13-05-2014,85.62999725341797,86.27999877929688,3710200,86.31999969482422,85.93000030517578,55.92109680175781
14-05-2014,85.58999633789062,85.91000366210938,3195000,86.2699966430664,85.75,55.803951263427734
15-05-2014,85.1500015258789,85.80000305175781,4108200,86.19000244140625,85.33000183105469,55.53061294555664
16-05-2014,85.19999694824219,85.2300033569336,6359700,85.9800033569336,85.7699966430664,55.81695556640625
19-05-2014,85.33999633789062,85.72000122070312,2706100,85.80000305175781,85.73999786376953,55.79744338989258
20-05-2014,85.0199966430664,85.4800033569336,3396700,85.5,85.22000122070312,55.45903015136719
21-05-2014,84.93000030517578,85.20999908447266,4995100,86.5,86.1500015258789,56.06427001953125
22-05-2014,85.87000274658203,86.18000030517578,4631100,86.7300033569336,86.29000091552734,56.15536880493164
23-05-2014,86.12000274658203,86.13999938964844,3790800,86.9000015258789,86.56999969482422,56.337581634521484
27-05-2014,86.22000122070312,86.52999877929688,4153800,87.16000366210938,86.91000366210938,56.55887222290039
28-05-2014,86.4800033569336,86.87999725341797,4278900,87.5,87.3499984741211,56.84519958496094
29-05-2014,87.37999725341797,87.62000274658203,4782200,88.69999694824219,88.37000274658203,57.508975982666016
30-05-2014,88.05000305175781,88.25,4173100,88.80000305175781,88.54000091552734,57.61961364746094
02-06-2014,88.05000305175781,88.33000183105469,3233900,88.73999786376953,88.31999969482422,57.47645568847656
03-06-2014,87.62000274658203,88.25,3073000,88.48999786376953,87.88999938964844,57.19662857055664
04-06-2014,87.56999969482422,87.7699966430664,2517400,88.20999908447266,87.97000122070312,57.24867630004883
05-06-2014,87.66999816894531,88.0,3347300,88.16000366210938,87.9000015258789,57.203121185302734
06-06-2014,87.9000015258789,88.0,2543600,88.55999755859375,88.33000183105469,57.48296356201172
09-06-2014,87.80999755859375,88.01000213623047,2864400,88.47000122070312,88.33000183105469,57.48296356201172
10-06-2014,87.80999755859375,87.88999938964844,3476500,88.56999969482422,88.38999938964844,57.522010803222656
11-06-2014,88.16000366210938,88.16000366210938,3261400,88.73999786376953,88.44000244140625,57.55455017089844
12-06-2014,88.06999969482422,88.20999908447266,3950000,88.70999908447266,88.23999786376953,57.42438507080078
13-06-2014,87.87999725341797,88.16999816894531,3162800,88.62999725341797,88.44999694824219,57.561031341552734
16-06-2014,88.06999969482422,88.37000274658203,4550100,89.36000061035156,89.02999877929688,57.938480377197266
17-06-2014,88.41000366210938,88.77999877929688,4217400,89.0,88.73999786376953,57.749759674072266
18-06-2014,88.44000244140625,88.81999969482422,4837600,89.97000122070312,89.87999725341797,58.49164962768555
19-06-2014,89.91000366210938,89.97000122070312,7145000,91.47000122070312,91.33999633789062,59.441776275634766
20-06-2014,90.77999877929688,91.38999938964844,9003100,91.62999725341797,91.13999938964844,59.31162643432617
23-06-2014,90.2699966430664,91.1500015258789,5492400,91.23999786376953,90.43000030517578,58.84959411621094
24-06-2014,88.7300033569336,89.12000274658203,5337600,89.94000244140625,89.37000274658203,58.770652770996094
25-06-2014,88.27999877929688,89.30000305175781,4663400,89.30000305175781,88.88999938964844,58.45500946044922
26-06-2014,85.9800033569336,86.80000305175781,10749000,86.91000366210938,86.48999786376953,56.87676239013672
27-06-2014,84.05000305175781,86.16999816894531,16140800,86.16999816894531,84.8499984741211,55.79825973510742
30-06-2014,84.16000366210938,84.62999725341797,8020400,84.9000015258789,84.30999755859375,55.44315719604492
01-07-2014,83.87000274658203,84.3499984741211,6615400,84.54000091552734,84.20999908447266,55.37737274169922
02-07-2014,83.83000183105469,84.20999908447266,4335400,85.0999984741211,84.86000061035156,55.804832458496094
03-07-2014,84.7300033569336,84.76000213623047,3562500,86.08999633789062,85.69000244140625,56.35065841674805
07-07-2014,85.45999908447266,85.58000183105469,4229900,86.44999694824219,86.08000183105469,56.60712814331055
08-07-2014,85.94000244140625,86.12999725341797,3726100,86.66000366210938,86.29000091552734,56.74522399902344
09-07-2014,85.81999969482422,86.51000213623047,3188000,86.8499984741211,86.02999877929688,56.574256896972656
10-07-2014,84.87999725341797,85.61000061035156,5465500,86.04000091552734,84.9000015258789,55.831138610839844
11-07-2014,84.83999633789062,85.5999984741211,4861300,86.08000183105469,85.41000366210938,56.1665153503418
14-07-2014,85.75,85.91999816894531,3470200,86.26000213623047,85.94999694824219,56.52162551879883
15-07-2014,84.4800033569336,85.56999969482422,5770400,85.61000061035156,84.58999633789062,55.62730026245117
16-07-2014,84.48999786376953,84.98999786376953,6244300,85.55000305175781,84.69999694824219,55.69959259033203
17-07-2014,84.5199966430664,84.58000183105469,5932700,86.6500015258789,84.55000305175781,55.600975036621094
18-07-2014,84.9000015258789,85.01000213623047,4563900,86.1500015258789,86.0199966430664,56.5676383972168
21-07-2014,85.19999694824219,85.29000091552734,3273300,85.77999877929688,85.56999969482422,56.27174377441406
22-07-2014,85.26000213623047,85.66000366210938,2741900,85.88999938964844,85.37999725341797,56.14678955078125
23-07-2014,84.97000122070312,85.52999877929688,2750300,85.7300033569336,85.08000183105469,55.94950485229492
24-07-2014,85.25,85.29000091552734,3703000,85.77999877929688,85.54000091552734,56.25202941894531
25-07-2014,84.56999969482422,85.31999969482422,2715100,85.52999877929688,84.8499984741211,55.79825973510742
28-07-2014,84.0999984741211,84.9800033569336,3053900,84.9800033569336,84.4800033569336,55.5549430847168
29-07-2014,84.5,84.5,2677200,85.37999725341797,84.6500015258789,55.666744232177734
30-07-2014,83.13999938964844,84.72000122070312,4670900,85.06999969482422,83.19000244140625,54.706634521484375
31-07-2014,82.0,82.95999908447266,4633400,82.98999786376953,82.01000213623047,53.9306640625
01-08-2014,81.72000122070312,82.0,3956500,82.58999633789062,81.9000015258789,53.85831069946289
04-08-2014,81.5,81.80000305175781,3293400,82.33000183105469,82.12999725341797,54.00957107543945
05-08-2014,81.19000244140625,81.8499984741211,3710200,82.26000213623047,81.58000183105469,53.64787292480469
06-08-2014,81.58999633789062,81.58999633789062,5053700,83.94999694824219,83.4800033569336,54.8973503112793
07-08-2014,82.37999725341797,83.55000305175781,4445100,83.9000015258789,82.70999908447266,54.39096450805664
08-08-2014,82.5999984741211,82.80000305175781,3809400,83.94999694824219,83.83999633789062,55.13406753540039
11-08-2014,83.75,83.97000122070312,3414500,84.95999908447266,84.3499984741211,55.46945571899414
12-08-2014,83.73999786376953,84.12000274658203,2196300,84.26000213623047,84.18000030517578,55.3576545715332
13-08-2014,84.2300033569336,84.44000244140625,2355600,84.81999969482422,84.47000122070312,55.548362731933594
14-08-2014,84.47000122070312,84.48999786376953,1795900,84.98999786376953,84.93000030517578,55.85087203979492
15-08-2014,83.81999969482422,85.0999984741211,4226900,85.16999816894531,84.5,55.568115234375
18-08-2014,84.62999725341797,84.70999908447266,3080800,85.0999984741211,84.98999786376953,55.89031219482422
19-08-2014,84.62999725341797,85.0999984741211,2272800,85.47000122070312,85.37999725341797,56.14678955078125
20-08-2014,84.5999984741211,85.20999908447266,2441400,85.37000274658203,85.08999633789062,55.956092834472656
21-08-2014,85.12000274658203,85.2300033569336,2183800,85.69000244140625,85.1500015258789,55.995548248291016
22-08-2014,84.19999694824219,84.81999969482422,3774400,85.2300033569336,84.33999633789062,55.4628791809082
25-08-2014,84.93000030517578,84.93000030517578,2858700,85.54000091552734,85.19000244140625,56.02184295654297
26-08-2014,84.83000183105469,85.23999786376953,2466200,85.45999908447266,85.26000213623047,56.06789779663086
27-08-2014,84.83000183105469,85.12999725341797,2094300,85.29000091552734,85.25,56.061302185058594
28-08-2014,84.83999633789062,84.91999816894531,1797300,85.37999725341797,85.26000213623047,56.06789779663086
29-08-2014,85.04000091552734,85.27999877929688,2570600,85.69000244140625,85.58000183105469,56.2783203125
02-09-2014,85.05999755859375,85.30000305175781,3344100,85.9000015258789,85.48999786376953,56.21913146972656
03-09-2014,85.19999694824219,85.8499984741211,2448900,85.87999725341797,85.4000015258789,56.15993881225586
04-09-2014,84.79000091552734,85.7699966430664,3143300,85.79000091552734,84.98999786376953,55.89031219482422
05-09-2014,84.80999755859375,85.05999755859375,2782300,85.5,85.44999694824219,56.192840576171875
08-09-2014,83.91999816894531,85.29000091552734,4851400,85.36000061035156,84.0,55.23929977416992
09-09-2014,83.62999725341797,84.0999984741211,3892300,84.30999755859375,83.83000183105469,55.12749099731445
10-09-2014,83.80999755859375,84.12000274658203,3433300,84.41000366210938,84.19000244140625,55.3642463684082
11-09-2014,83.94999694824219,84.1500015258789,4369800,84.55999755859375,84.5,55.568115234375
12-09-2014,83.72000122070312,84.70999908447266,3585700,84.75,84.0199966430664,55.25243377685547
15-09-2014,83.87999725341797,84.29000091552734,3947100,84.30000305175781,84.19999694824219,55.370811462402344
16-09-2014,84.05999755859375,84.16000366210938,3269800,85.04000091552734,84.81999969482422,55.77854919433594
17-09-2014,84.54000091552734,84.91000366210938,3626800,85.33999633789062,84.9000015258789,55.831138610839844
18-09-2014,84.13999938964844,85.05000305175781,4322400,85.2699966430664,84.72000122070312,55.7127685546875
19-09-2014,84.69999694824219,85.1500015258789,7856500,85.68000030517578,85.55000305175781,56.25859069824219
22-09-2014,85.05999755859375,85.08999633789062,7002600,86.06999969482422,86.05000305175781,56.58739471435547
23-09-2014,83.62999725341797,84.75,5654000,85.16999816894531,83.66000366210938,55.66256332397461
24-09-2014,83.55999755859375,83.5999984741211,5567300,84.7300033569336,84.44999694824219,56.18819046020508
25-09-2014,83.55000305175781,84.0,5222500,84.19999694824219,83.69999694824219,55.689170837402344
26-09-2014,82.58000183105469,82.83999633789062,5491300,83.33999633789062,83.2300033569336,55.376468658447266
29-09-2014,82.55000305175781,82.61000061035156,4656000,82.94999694824219,82.66000366210938,54.99721145629883
30-09-2014,82.27999877929688,82.88999938964844,9732000,83.5199966430664,83.4000015258789,55.489601135253906
01-10-2014,83.20999908447266,83.25,5786400,83.87999725341797,83.47000122070312,55.536155700683594
02-10-2014,83.18000030517578,83.5999984741211,5509800,84.26000213623047,84.20999908447266,56.02849578857422
03-10-2014,84.23999786376953,84.3499984741211,4301800,84.8499984741211,84.51000213623047,56.22810745239258
06-10-2014,84.06999969482422,84.83999633789062,2674400,84.8499984741211,84.56999969482422,56.268035888671875
07-10-2014,83.94000244140625,84.41999816894531,4504400,84.79000091552734,83.9800033569336,55.875492095947266
08-10-2014,83.68000030517578,83.94000244140625,5334600,85.12999725341797,85.05999755859375,56.59405517578125
09-10-2014,83.86000061035156,85.18000030517578,6376400,85.98999786376953,83.91999816894531,55.83555221557617
10-10-2014,84.27999877929688,84.37999725341797,5282100,85.25,84.27999877929688,56.075077056884766
13-10-2014,83.97000122070312,84.5999984741211,4399800,85.29000091552734,84.06999969482422,55.935359954833984
14-10-2014,83.62000274658203,84.19000244140625,4784100,84.62999725341797,83.69000244140625,55.68252182006836
15-10-2014,81.9000015258789,83.11000061035156,8409400,83.8499984741211,83.58000183105469,55.609344482421875
16-10-2014,83.0,83.19000244140625,7058500,85.31999969482422,85.26000213623047,56.72713851928711
17-10-2014,84.44000244140625,84.97000122070312,7621700,86.01000213623047,86.0,57.219478607177734
20-10-2014,85.70999908447266,85.76000213623047,5537900,87.20999908447266,86.93000030517578,57.838260650634766
21-10-2014,86.62000274658203,87.31999969482422,4614100,87.47000122070312,87.44999694824219,58.184207916259766
22-10-2014,87.12000274658203,87.22000122070312,5339700,87.66999816894531,87.5999984741211,58.284027099609375
23-10-2014,87.51000213623047,87.94999694824219,4936500,88.20999908447266,87.62000274658203,58.29733657836914
24-10-2014,87.4000015258789,87.86000061035156,3255300,88.18000030517578,88.05999755859375,58.590065002441406
27-10-2014,87.80000305175781,87.91999816894531,2847200,88.66999816894531,88.04000091552734,58.57676696777344
28-10-2014,87.77999877929688,88.48999786376953,3631300,88.48999786376953,88.2699966430664,58.72979736328125
29-10-2014,87.33999633789062,88.19000244140625,3448000,88.83000183105469,87.91000366210938,58.49027633666992
30-10-2014,86.91000366210938,87.44999694824219,2706400,88.68000030517578,88.3499984741211,58.78302001953125
31-10-2014,88.47000122070312,88.79000091552734,4876200,89.23999786376953,89.01000213623047,59.2221565246582
03-11-2014,88.5999984741211,88.8499984741211,3361600,89.5,89.19000244140625,59.341922760009766
04-11-2014,89.19000244140625,89.38999938964844,2752500,89.91000366210938,89.44999694824219,59.51491165161133
05-11-2014,89.08999633789062,89.83000183105469,4061000,90.25,89.9000015258789,59.8143196105957
06-11-2014,87.18000030517578,89.68000030517578,6109300,89.83000183105469,87.5,58.217491149902344
07-11-2014,87.26000213623047,87.5,3219400,88.19999694824219,88.12000274658203,58.62999725341797
10-11-2014,87.5199966430664,87.83000183105469,3191800,88.5,88.41999816894531,58.829593658447266
11-11-2014,87.83999633789062,88.44000244140625,2412800,88.4800033569336,88.08999633789062,58.610042572021484
12-11-2014,87.56999969482422,88.04000091552734,2839500,88.12999725341797,87.9000015258789,58.483646392822266
13-11-2014,87.52999877929688,88.04000091552734,3163900,88.69999694824219,87.86000061035156,58.45701599121094
14-11-2014,85.48999786376953,87.3499984741211,6011500,87.4000015258789,86.27999877929688,57.405757904052734
17-11-2014,86.16999816894531,86.33000183105469,3644600,87.5,87.30000305175781,58.08443832397461
18-11-2014,87.08999633789062,87.47000122070312,3653700,87.5999984741211,87.12999725341797,57.9713020324707
19-11-2014,86.47000122070312,86.94999694824219,4529900,87.19999694824219,86.83000183105469,57.7717170715332
20-11-2014,85.56999969482422,86.5,6330700,86.5,85.80999755859375,57.093048095703125
21-11-2014,86.11000061035156,86.1500015258789,6851900,87.04000091552734,87.0,57.884803771972656
24-11-2014,86.47000122070312,87.30000305175781,3888600,87.61000061035156,86.5,57.55215072631836
25-11-2014,86.16000366210938,86.48999786376953,5054400,86.7300033569336,86.30000305175781,57.4190673828125
26-11-2014,86.41999816894531,86.66000366210938,2665700,86.91000366210938,86.5999984741211,57.61867141723633
28-11-2014,86.7699966430664,87.19999694824219,3230900,87.56999969482422,86.93000030517578,57.838260650634766
01-12-2014,85.69999694824219,86.37000274658203,3554100,87.02999877929688,86.5,57.55215072631836
02-12-2014,86.5199966430664,86.58000183105469,4089900,87.43000030517578,87.38999938964844,58.14427947998047
03-12-2014,86.7699966430664,87.1500015258789,3862000,87.68000030517578,87.6500015258789,58.31727981567383
04-12-2014,86.37000274658203,87.2699966430664,4111000,87.4800033569336,87.1500015258789,57.98460388183594
05-12-2014,86.70999908447266,87.27999877929688,4236600,87.33000183105469,87.13999938964844,57.97795104980469
08-12-2014,86.33000183105469,86.41999816894531,3270600,87.16000366210938,86.79000091552734,57.74509048461914
09-12-2014,85.25,86.05000305175781,3467800,86.58000183105469,86.55999755859375,57.592071533203125
10-12-2014,85.2699966430664,86.48999786376953,4625600,86.58999633789062,85.5999984741211,56.95332336425781
11-12-2014,85.5999984741211,85.62999725341797,4182700,86.80999755859375,85.97000122070312,57.19949722290039
12-12-2014,84.38999938964844,85.58999633789062,4922800,86.37000274658203,84.41999816894531,56.16823196411133
15-12-2014,82.37999725341797,84.52999877929688,7286900,84.87999725341797,82.44999694824219,54.85749816894531
16-12-2014,81.3499984741211,82.19999694824219,8405200,82.95999908447266,81.38999938964844,54.152244567871094
17-12-2014,81.16000366210938,81.80999755859375,6673400,82.26000213623047,81.8499984741211,54.45830154418945
18-12-2014,82.38999938964844,82.69999694824219,6701800,84.05000305175781,84.0199966430664,55.90208435058594
19-12-2014,82.62999725341797,84.16999816894531,9128000,84.38999938964844,83.05000305175781,55.25670623779297
22-12-2014,82.16000366210938,82.4800033569336,5951700,83.16000366210938,82.97000122070312,55.87629318237305
23-12-2014,83.01000213623047,83.22000122070312,4433700,83.58000183105469,83.30000305175781,56.0985107421875
24-12-2014,83.05999755859375,83.4000015258789,1748300,83.56999969482422,83.1500015258789,55.997501373291016
26-12-2014,83.02999877929688,83.0999984741211,1709100,83.69000244140625,83.33999633789062,56.125457763671875
29-12-2014,82.73999786376953,83.02999877929688,2629000,83.52999877929688,83.19999694824219,56.03118133544922
30-12-2014,82.38999938964844,83.1500015258789,2708100,83.4800033569336,82.5,55.55976486206055
31-12-2014,81.36000061035156,82.7300033569336,3661300,82.81999969482422,81.44999694824219,54.85262680053711
02-01-2015,80.62999725341797,81.5999984741211,3787700,81.79000091552734,81.0199966430664,54.56306076049805
05-01-2015,79.86000061035156,80.98999786376953,6213400,81.08999633789062,80.41000366210938,54.152252197265625
06-01-2015,80.5999984741211,80.95999908447266,10001900,82.05000305175781,81.0999984741211,54.61693572998047
07-01-2015,81.0199966430664,81.80000305175781,7525100,82.05000305175781,81.70999908447266,55.027740478515625
08-01-2015,82.30999755859375,82.31999969482422,6594500,83.58000183105469,82.94000244140625,55.8560905456543
09-01-2015,82.47000122070312,83.54000091552734,4301300,83.6500015258789,82.72000122070312,55.707923889160156
12-01-2015,82.63999938964844,83.11000061035156,3997200,83.66999816894531,83.05000305175781,55.930152893066406
13-01-2015,82.66999816894531,83.31999969482422,5810200,83.9800033569336,83.0999984741211,55.96383285522461
14-01-2015,82.25,82.26000213623047,4629200,83.45999908447266,83.41999816894531,56.17933654785156
15-01-2015,82.56999969482422,82.70999908447266,5088100,83.41999816894531,82.81999969482422,55.7752685546875
16-01-2015,82.19000244140625,82.8499984741211,7302300,83.19999694824219,82.69999694824219,55.69445037841797
20-01-2015,82.88999938964844,83.20999908447266,6172300,83.98999786376953,83.58000183105469,56.28709030151367
21-01-2015,82.72000122070312,83.08000183105469,4518500,84.61000061035156,84.55000305175781,56.94034194946289
22-01-2015,84.43000030517578,85.04000091552734,6069700,85.29000091552734,85.16000366210938,57.35114669799805
23-01-2015,82.69999694824219,84.61000061035156,6649300,84.75,82.81999969482422,55.7752685546875
26-01-2015,82.5,82.94999694824219,4658500,83.41000366210938,83.05000305175781,55.930152893066406
27-01-2015,81.37999725341797,82.52999877929688,8541900,82.72000122070312,81.5999984741211,54.953651428222656
28-01-2015,80.38999938964844,82.02999877929688,5878700,82.30000305175781,80.58000183105469,54.26673889160156
29-01-2015,80.31999969482422,80.51000213623047,4108200,81.5,81.22000122070312,54.69774627685547
30-01-2015,80.0999984741211,80.52999877929688,6692900,81.19000244140625,80.23999786376953,54.03775405883789
02-02-2015,80.05999755859375,80.23999786376953,4129600,81.69999694824219,81.62999725341797,54.9738655090332
03-02-2015,81.80999755859375,82.0,4103200,82.44000244140625,82.23999786376953,55.384666442871094
04-02-2015,81.8499984741211,82.04000091552734,5151100,82.5999984741211,82.08000183105469,55.276912689208984
05-02-2015,81.30999755859375,82.41999816894531,6317100,83.23999786376953,82.56999969482422,55.60690689086914
06-02-2015,80.94000244140625,82.31999969482422,5942900,82.31999969482422,81.2699966430664,54.731422424316406
09-02-2015,80.55999755859375,80.80999755859375,4357200,81.4800033569336,80.83000183105469,54.435081481933594
10-02-2015,80.52999877929688,80.91999816894531,6732200,81.20999908447266,81.08000183105469,54.603458404541016
11-02-2015,81.16000366210938,81.36000061035156,5670500,82.7300033569336,82.4800033569336,55.546302795410156
12-02-2015,82.58000183105469,82.70999908447266,5324600,83.72000122070312,83.69000244140625,56.361167907714844
13-02-2015,82.66000366210938,83.80999755859375,4924700,83.86000061035156,82.87000274658203,55.80895233154297
17-02-2015,82.30000305175781,82.80000305175781,4391000,82.8499984741211,82.70999908447266,55.7011833190918
18-02-2015,82.23999786376953,82.33999633789062,2487300,83.01000213623047,83.0,55.89649963378906
19-02-2015,82.41000366210938,82.95999908447266,3774300,83.05000305175781,82.62000274658203,55.64057540893555
20-02-2015,82.25,82.47000122070312,3572000,83.12999725341797,83.04000091552734,55.92342758178711
23-02-2015,82.27999877929688,82.80000305175781,3362400,82.94999694824219,82.88999938964844,55.82241439819336
24-02-2015,82.63999938964844,82.70999908447266,3313300,83.62000274658203,83.51000213623047,56.239952087402344
25-02-2015,83.19999694824219,83.51000213623047,2850200,83.72000122070312,83.47000122070312,56.213016510009766
26-02-2015,82.56999969482422,83.23999786376953,2973200,83.4000015258789,82.80000305175781,55.761802673339844
27-02-2015,82.13999938964844,82.7300033569336,5971700,83.0999984741211,82.95999908447266,55.869544982910156
02-03-2015,82.63999938964844,82.95999908447266,3188900,83.22000122070312,82.94999694824219,55.8628044128418
03-03-2015,82.45999908447266,82.66999816894531,3597500,82.98999786376953,82.69999694824219,55.69445037841797
04-03-2015,81.69000244140625,82.69000244140625,3582500,82.69999694824219,82.16999816894531,55.337520599365234
05-03-2015,81.54000091552734,82.19999694824219,3418800,82.37000274658203,81.70999908447266,55.027740478515625
06-03-2015,79.79000091552734,81.27999877929688,7757400,81.3499984741211,80.05000305175781,53.90980529785156
09-03-2015,80.06999969482422,80.18000030517578,4574300,80.5999984741211,80.44999694824219,54.17919158935547
10-03-2015,79.05999755859375,80.0,7066900,80.0,79.25,53.37104415893555
11-03-2015,77.37999725341797,79.33000183105469,7285400,79.44000244140625,77.81999969482422,52.40801239013672
12-03-2015,77.95999908447266,78.26000213623047,4806600,78.77999877929688,78.7300033569336,53.0208625793457
13-03-2015,76.8499984741211,78.7300033569336,5337600,78.7300033569336,77.6500015258789,52.293514251708984
16-03-2015,77.45999908447266,78.06999969482422,5361800,78.37999725341797,77.88999938964844,52.45513916015625
17-03-2015,77.62999725341797,77.7699966430664,4141000,78.25,77.88999938964844,52.45513916015625
18-03-2015,76.58999633789062,77.5999984741211,9179200,79.27999877929688,78.55999755859375,52.906349182128906
19-03-2015,78.55999755859375,78.63999938964844,9453800,79.31999969482422,78.86000061035156,53.108394622802734
20-03-2015,78.79000091552734,78.83000183105469,10919200,79.4800033569336,79.44999694824219,53.505741119384766
23-03-2015,79.44999694824219,79.44999694824219,4841100,80.1500015258789,79.86000061035156,53.78186798095703
24-03-2015,77.5,78.87000274658203,6021500,79.19999694824219,77.52999877929688,52.87480163574219
25-03-2015,76.54000091552734,77.80999755859375,7923800,77.97000122070312,76.69999694824219,52.30873489379883
26-03-2015,76.2699966430664,76.55999755859375,7069200,76.95999908447266,76.33999633789062,52.063228607177734
27-03-2015,76.16000366210938,76.2699966430664,5158800,76.87000274658203,76.79000091552734,52.37012481689453
30-03-2015,76.26000213623047,77.25,4390600,77.25,76.86000061035156,52.41786193847656
31-03-2015,75.30000305175781,76.54000091552734,7498300,76.55000305175781,75.33000183105469,51.374420166015625
01-04-2015,75.2699966430664,75.2699966430664,6915100,76.08999633789062,76.06999969482422,51.87908935546875
02-04-2015,75.94999694824219,76.44000244140625,4745400,77.41999816894531,77.26000213623047,52.690677642822266
06-04-2015,77.23999786376953,77.29000091552734,5553100,78.66000366210938,78.19999694824219,53.33173370361328
07-04-2015,77.73999786376953,78.19000244140625,4790500,78.56999969482422,77.73999786376953,53.01801681518555
08-04-2015,76.93000030517578,77.7300033569336,4556200,78.0,77.23999786376953,52.677024841308594
09-04-2015,77.0,77.0199966430664,3371800,77.98999786376953,77.86000061035156,53.099857330322266
10-04-2015,77.87000274658203,78.11000061035156,3860100,78.56999969482422,77.9000015258789,53.127140045166016
13-04-2015,77.25,77.5,3585400,77.88999938964844,77.38999938964844,52.77931594848633
14-04-2015,77.12000274658203,77.13999938964844,4890200,78.27999877929688,78.11000061035156,53.2703742980957
15-04-2015,77.87000274658203,78.44000244140625,7231400,78.91000366210938,78.12999725341797,53.28400802612305
16-04-2015,82.20999908447266,82.41999816894531,23609500,85.26000213623047,84.95999908447266,57.941993713378906
17-04-2015,84.31999969482422,84.56999969482422,8306700,85.48999786376953,85.26000213623047,58.1466064453125
20-04-2015,84.47000122070312,85.4000015258789,6388200,85.75,84.9800033569336,57.955657958984375
21-04-2015,83.86000061035156,84.98999786376953,4399300,85.30000305175781,84.05000305175781,57.32137680053711
22-04-2015,82.91999816894531,84.05999755859375,5951900,84.05999755859375,83.69000244140625,57.07585906982422
23-04-2015,82.87999725341797,83.16999816894531,4347100,84.37999725341797,83.55000305175781,56.980403900146484
24-04-2015,82.66999816894531,83.54000091552734,4498500,83.87000274658203,82.75,56.434814453125
27-04-2015,82.05000305175781,82.77999877929688,4865200,82.9000015258789,82.08999633789062,55.984683990478516
28-04-2015,82.0199966430664,82.0199966430664,5079800,83.0999984741211,82.87999725341797,56.52345275878906
29-04-2015,81.94999694824219,82.45999908447266,5879500,82.87999725341797,82.7300033569336,56.42116165161133
30-04-2015,82.4800033569336,82.86000061035156,6162100,83.51000213623047,83.47000122070312,56.92582702636719
01-05-2015,82.91000366210938,83.47000122070312,3269200,83.7300033569336,83.38999938964844,56.871273040771484
04-05-2015,83.0,83.66000366210938,2482400,83.69999694824219,83.20999908447266,56.74850845336914
05-05-2015,82.55999755859375,83.19000244140625,2903600,83.44000244140625,82.80999755859375,56.4757194519043
06-05-2015,82.98999786376953,83.61000061035156,5323900,83.87999725341797,83.87000274658203,57.19863510131836
07-05-2015,83.25,83.76000213623047,3250500,84.26000213623047,84.01000213623047,57.294097900390625
08-05-2015,84.69999694824219,84.83999633789062,4380600,85.73999786376953,85.19000244140625,58.098846435546875
11-05-2015,84.01000213623047,85.0199966430664,3155100,85.37000274658203,84.12999725341797,57.37593460083008
12-05-2015,83.31999969482422,83.51000213623047,3027100,84.75,84.12999725341797,57.37593460083008
13-05-2015,83.87000274658203,84.33000183105469,4317500,84.88999938964844,84.52999877929688,57.648738861083984
14-05-2015,84.91000366210938,85.0,6186300,86.91000366210938,86.79000091552734,59.19003677368164
15-05-2015,85.98999786376953,86.68000030517578,3702900,86.7699966430664,86.56999969482422,59.040000915527344
18-05-2015,85.5999984741211,86.6500015258789,3173300,86.70999908447266,86.02999877929688,58.67173767089844
19-05-2015,85.0199966430664,85.58999633789062,2952500,85.91999816894531,85.66000366210938,58.41939926147461
20-05-2015,85.30999755859375,85.55000305175781,2411300,86.08000183105469,85.41000366210938,58.2488899230957
21-05-2015,84.5999984741211,85.41000366210938,3041900,85.41000366210938,85.13999938964844,58.064754486083984
22-05-2015,84.0999984741211,84.75,2733800,84.86000061035156,84.1500015258789,57.389583587646484
26-05-2015,83.18000030517578,83.97000122070312,2961100,84.0199966430664,83.72000122070312,57.096336364746094
27-05-2015,83.62000274658203,84.0,3436200,84.37000274658203,84.22000122070312,57.43733215332031
28-05-2015,83.66000366210938,84.3499984741211,2849000,84.76000213623047,84.26000213623047,57.4646110534668
29-05-2015,82.97000122070312,84.04000091552734,4481000,84.04000091552734,83.06999969482422,56.65303039550781
01-06-2015,82.5,82.9000015258789,3378800,83.43000030517578,83.19000244140625,56.734886169433594
02-06-2015,82.31999969482422,82.80000305175781,3741000,83.5199966430664,82.94999694824219,56.571189880371094
03-06-2015,82.38999938964844,83.4000015258789,2936900,83.43000030517578,82.41999816894531,56.20974349975586
04-06-2015,81.66000366210938,82.41000366210938,3281600,82.83999633789062,81.83000183105469,55.807369232177734
05-06-2015,79.5,81.5,6152000,81.66999816894531,79.69999694824219,54.35471725463867
08-06-2015,79.37999725341797,79.69999694824219,4313300,80.63999938964844,80.1500015258789,54.66162109375
09-06-2015,80.04000091552734,80.04000091552734,3823000,81.20999908447266,80.75,55.0708122253418
10-06-2015,80.76000213623047,80.76000213623047,6310700,82.70999908447266,82.29000091552734,56.12109375
11-06-2015,81.97000122070312,82.47000122070312,3681800,82.75,82.25,56.09380340576172
12-06-2015,80.75,81.5,6123000,81.91000366210938,81.86000061035156,55.82781982421875
15-06-2015,81.04000091552734,81.2300033569336,3919400,81.75,81.2699966430664,55.425437927246094
16-06-2015,81.0,81.47000122070312,3892800,81.83999633789062,81.81999969482422,55.800537109375
17-06-2015,81.12999725341797,81.83000183105469,4143600,82.19000244140625,81.83000183105469,55.807369232177734
18-06-2015,82.0999984741211,82.25,3875600,83.58000183105469,83.11000061035156,56.68031311035156
19-06-2015,82.48999786376953,82.87000274658203,7474700,83.18000030517578,82.66000366210938,56.37339782714844
22-06-2015,82.81999969482422,82.91999816894531,4052300,83.66000366210938,83.12999725341797,56.69396209716797
23-06-2015,81.01000213623047,82.2300033569336,2999500,82.30000305175781,81.36000061035156,56.16242599487305
24-06-2015,80.80999755859375,81.2300033569336,5134900,81.76000213623047,80.80999755859375,55.782772064208984
25-06-2015,80.88999938964844,81.13999938964844,4148200,81.70999908447266,81.30000305175781,56.12100601196289
26-06-2015,81.08000183105469,81.31999969482422,4584600,81.68000030517578,81.3499984741211,56.155540466308594
29-06-2015,80.08999633789062,80.94000244140625,3374600,81.33000183105469,80.12000274658203,55.30645751953125
30-06-2015,80.0,80.72000122070312,4311100,80.94000244140625,80.16999816894531,55.34099197387695
01-07-2015,80.0999984741211,80.36000061035156,4034100,81.33999633789062,81.30000305175781,56.12100601196289
02-07-2015,80.94999694824219,81.37000274658203,2977600,81.73999786376953,81.16999816894531,56.03127670288086
06-07-2015,80.72000122070312,80.86000061035156,2534500,81.45999908447266,81.19999694824219,56.05198287963867
07-07-2015,80.9800033569336,81.33000183105469,5409400,82.54000091552734,82.44000244140625,56.90795135498047
08-07-2015,81.5,82.01000213623047,3101400,82.44999694824219,81.56999969482422,56.30739212036133
09-07-2015,81.20999908447266,82.41999816894531,3129300,82.6500015258789,81.23999786376953,56.079586029052734
10-07-2015,81.9800033569336,82.01000213623047,3548200,82.81999969482422,82.16000366210938,56.714664459228516
13-07-2015,82.0199966430664,82.41999816894531,3238900,82.66999816894531,82.37999725341797,56.86653518676758
14-07-2015,82.26000213623047,82.4000015258789,2326300,82.7699966430664,82.68000030517578,57.07361602783203
15-07-2015,82.01000213623047,82.44000244140625,3491200,82.88999938964844,82.66999816894531,57.06671905517578
16-07-2015,83.36000061035156,83.37999725341797,7844200,86.30000305175781,85.29000091552734,58.87528610229492
17-07-2015,84.83000183105469,85.0199966430664,5817200,86.0,85.83000183105469,59.24805450439453
20-07-2015,85.47000122070312,85.94999694824219,3265500,86.02999877929688,85.61000061035156,59.0962028503418
21-07-2015,85.27999877929688,85.4800033569336,3085900,85.80000305175781,85.54000091552734,59.04787826538086
22-07-2015,85.05999755859375,85.62999725341797,3225200,85.91999816894531,85.5199966430664,59.03404998779297
23-07-2015,85.01000213623047,85.44000244140625,2242700,85.58000183105469,85.43000030517578,58.971923828125
24-07-2015,84.2699966430664,85.19999694824219,3033400,85.22000122070312,84.6500015258789,58.433502197265625
27-07-2015,84.44000244140625,84.44000244140625,4481500,85.9000015258789,85.52999877929688,59.040950775146484
28-07-2015,85.43000030517578,85.62999725341797,5669500,86.51000213623047,85.5999984741211,59.089271545410156
29-07-2015,85.29000091552734,85.66000366210938,2776300,86.12999725341797,85.44999694824219,58.98573684692383
30-07-2015,85.0999984741211,85.2699966430664,2747300,85.75,85.38999938964844,58.94431686401367
31-07-2015,85.4000015258789,85.87999725341797,2965100,86.0,85.52999877929688,59.040950775146484
03-08-2015,85.06999969482422,85.5,2622300,85.91000366210938,85.66000366210938,59.130699157714844
04-08-2015,85.45999908447266,85.66000366210938,2367300,86.01000213623047,85.83000183105469,59.24805450439453
05-08-2015,85.7300033569336,86.0,2738300,86.30999755859375,85.88999938964844,59.28948211669922
06-08-2015,85.58999633789062,86.0,2198900,86.06999969482422,85.76000213623047,59.19973373413086
07-08-2015,84.7699966430664,85.62000274658203,2409400,85.7699966430664,85.08999633789062,58.73722839355469
10-08-2015,85.55999755859375,85.56999969482422,2470900,86.33999633789062,85.87000274658203,59.27566146850586
11-08-2015,84.66000366210938,85.13999938964844,3549500,85.52999877929688,85.47000122070312,58.99953842163086
12-08-2015,84.16999816894531,85.16000366210938,2733200,85.63999938964844,85.63999938964844,59.11688995361328
13-08-2015,84.25,85.55000305175781,4389400,85.58999633789062,84.66000366210938,58.44041061401367
14-08-2015,83.87999725341797,84.61000061035156,3134300,84.69999694824219,84.26000213623047,58.16429901123047
17-08-2015,83.47000122070312,83.91999816894531,3159200,84.3499984741211,84.30000305175781,58.19190216064453
18-08-2015,83.87999725341797,84.30000305175781,2307600,84.37000274658203,84.0199966430664,57.99861526489258
19-08-2015,83.20999908447266,83.62999725341797,3324400,84.55000305175781,83.73999786376953,57.80533218383789
20-08-2015,83.01000213623047,83.05999755859375,4167300,84.5999984741211,83.08000183105469,57.349735260009766
21-08-2015,80.9800033569336,82.73999786376953,7252900,83.12000274658203,80.9800033569336,55.90012741088867
24-08-2015,76.54000091552734,78.13999938964844,11361900,79.70999908447266,78.33999633789062,54.07773208618164
25-08-2015,77.3499984741211,79.95999908447266,6381600,80.05000305175781,77.38999938964844,53.42195129394531
26-08-2015,77.36000061035156,78.75,5813900,79.83000183105469,79.75,55.05105209350586
27-08-2015,79.12999725341797,80.33000183105469,4206000,80.87999725341797,80.77999877929688,55.762062072753906
28-08-2015,79.83999633789062,80.16000366210938,3522800,80.58999633789062,80.3499984741211,55.46522521972656
31-08-2015,78.9000015258789,79.87000274658203,4211600,80.11000061035156,79.80000305175781,55.0855598449707
01-09-2015,77.30000305175781,78.20999908447266,5124900,78.72000122070312,77.77999877929688,53.69118881225586
02-09-2015,77.83999633789062,78.48999786376953,3594600,78.7300033569336,78.69999694824219,54.32624435424805
03-09-2015,78.75,79.16000366210938,3363500,79.80999755859375,79.44999694824219,54.843963623046875
04-09-2015,77.0,78.36000061035156,5233700,78.5199966430664,77.29000091552734,53.352928161621094
08-09-2015,78.12999725341797,78.80999755859375,4779800,79.79000091552734,79.76000213623047,55.05795669555664
09-09-2015,78.08999633789062,80.05999755859375,4062100,80.23999786376953,78.2699966430664,54.0294075012207
10-09-2015,78.0,78.0,3871600,79.4000015258789,78.87000274658203,54.443580627441406
11-09-2015,78.4000015258789,78.93000030517578,5234300,79.5199966430664,79.47000122070312,54.85778045654297
14-09-2015,78.87999725341797,79.68000030517578,3628900,79.79000091552734,79.3499984741211,54.774932861328125
15-09-2015,79.01000213623047,79.5199966430664,4025700,80.87999725341797,80.80999755859375,55.782772064208984
16-09-2015,80.86000061035156,80.94999694824219,5925200,82.48999786376953,82.0999984741211,56.67325210571289
17-09-2015,81.5,82.33999633789062,4633500,83.05000305175781,82.08000183105469,56.65945816040039
18-09-2015,80.7699966430664,81.29000091552734,8268300,82.16000366210938,81.22000122070312,56.06578826904297
21-09-2015,81.58000183105469,81.69000244140625,3630800,82.45999908447266,82.12000274658203,56.68705749511719
22-09-2015,80.43000030517578,81.11000061035156,3605900,81.52999877929688,80.7699966430664,55.755157470703125
23-09-2015,79.94000244140625,80.8499984741211,2437400,80.95999908447266,80.43000030517578,55.52045822143555
24-09-2015,79.77999877929688,80.0,3068200,80.5999984741211,80.41000366210938,55.50664138793945
25-09-2015,80.3499984741211,80.76000213623047,3396100,81.30999755859375,80.5999984741211,55.63779830932617
28-09-2015,78.7300033569336,78.98999786376953,4332500,80.33000183105469,78.91000366210938,55.169376373291016
29-09-2015,78.02999877929688,78.81999969482422,4194500,79.25,78.63999938964844,54.9806022644043
30-09-2015,78.77999877929688,79.31999969482422,4968300,79.58999633789062,79.33000183105469,55.4630241394043
01-10-2015,78.86000061035156,79.68000030517578,3961800,79.73999786376953,79.45999908447266,55.55390167236328
02-10-2015,78.41000366210938,78.81999969482422,3735300,79.95999908447266,79.94999694824219,55.89649200439453
05-10-2015,80.0,80.4000015258789,5715100,81.86000061035156,81.70999908447266,57.12699890136719
06-10-2015,80.95999908447266,81.62000274658203,3522600,81.87999725341797,81.48999786376953,56.97315979003906
07-10-2015,81.55000305175781,81.56999969482422,3583300,82.87999725341797,82.66999816894531,57.79816436767578
08-10-2015,82.4000015258789,82.66000366210938,3923000,84.29000091552734,84.1500015258789,58.832881927490234
09-10-2015,84.05000305175781,84.08000183105469,5058400,84.58000183105469,84.06999969482422,58.7769660949707
12-10-2015,84.12000274658203,84.22000122070312,2386500,84.88999938964844,84.66000366210938,59.189453125
13-10-2015,83.79000091552734,84.52999877929688,3089300,84.62999725341797,84.41000366210938,59.01466751098633
14-10-2015,84.36000061035156,84.66000366210938,5556400,85.41000366210938,84.4800033569336,59.0635986328125
15-10-2015,85.19999694824219,85.58999633789062,5880600,86.36000061035156,86.06999969482422,60.17523956298828
16-10-2015,85.88999938964844,86.37000274658203,5479800,88.04000091552734,87.77999877929688,61.37077713012695
19-10-2015,87.2300033569336,87.6500015258789,4796800,88.48999786376953,88.41999816894531,61.81822967529297
20-10-2015,88.27999877929688,88.61000061035156,4495800,88.8499984741211,88.72000122070312,62.02796173095703
21-10-2015,88.37000274658203,88.9000015258789,3643400,89.68000030517578,88.9800033569336,62.209747314453125
22-10-2015,88.62999725341797,88.83000183105469,4930800,89.94000244140625,89.55000305175781,62.60826110839844
23-10-2015,88.76000213623047,89.94000244140625,4307900,89.94000244140625,89.62999725341797,62.66419219970703
26-10-2015,89.33000183105469,89.6500015258789,4124500,90.08000183105469,89.69999694824219,62.7131233215332
27-10-2015,88.37999725341797,89.0,3283800,89.31999969482422,88.81999969482422,62.09788513183594
28-10-2015,88.2300033569336,89.30000305175781,3231400,89.88999938964844,89.4000015258789,62.5034065246582
29-10-2015,88.0999984741211,89.0999984741211,2976500,89.45999908447266,89.26000213623047,62.40550231933594
30-10-2015,88.4000015258789,89.33000183105469,4062600,89.47000122070312,88.4000015258789,61.804264068603516
02-11-2015,88.19000244140625,88.7300033569336,2856900,88.9800033569336,88.80999755859375,62.09088134765625
03-11-2015,87.69999694824219,88.38999938964844,3445400,88.5199966430664,88.33999633789062,61.762271881103516
04-11-2015,87.62999725341797,88.16999816894531,3977500,88.43000030517578,88.06999969482422,61.57353210449219
05-11-2015,87.77999877929688,88.04000091552734,2631600,88.31999969482422,88.16000366210938,61.636451721191406
06-11-2015,85.12000274658203,87.36000061035156,5456200,87.36000061035156,86.37000274658203,60.38498306274414
09-11-2015,84.7300033569336,85.76000213623047,4030000,85.83999633789062,85.25,59.60193634033203
10-11-2015,84.7300033569336,85.29000091552734,2542000,85.4800033569336,84.95999908447266,59.399200439453125
11-11-2015,85.0,85.27999877929688,2558800,85.83000183105469,85.05000305175781,59.46210479736328
12-11-2015,83.76000213623047,84.52999877929688,3948200,84.91999816894531,84.0199966430664,58.74199295043945
13-11-2015,83.2699966430664,83.86000061035156,3471800,84.43000030517578,83.4000015258789,58.308528900146484
16-11-2015,83.33000183105469,83.4000015258789,3722600,84.36000061035156,84.3499984741211,58.972713470458984
17-11-2015,83.55000305175781,84.30000305175781,3173900,84.63999938964844,83.83999633789062,58.61615753173828
18-11-2015,83.91999816894531,84.08000183105469,4186300,85.4800033569336,85.43000030517578,59.72779846191406
19-11-2015,85.63999938964844,85.68000030517578,4507800,86.48999786376953,86.25,60.30107879638672
20-11-2015,85.83999633789062,86.69999694824219,4823500,87.6500015258789,85.98999786376953,60.11931228637695
23-11-2015,85.91999816894531,86.22000122070312,3029100,86.76000213623047,86.58999633789062,60.5388069152832
24-11-2015,85.94999694824219,86.08999633789062,2821600,87.25,86.9000015258789,60.755531311035156
25-11-2015,86.33000183105469,86.62000274658203,2676000,87.2699966430664,87.16999816894531,60.94430160522461
27-11-2015,86.83000183105469,87.12000274658203,1944600,87.68000030517578,87.41999816894531,61.11907196044922
30-11-2015,87.19999694824219,87.91000366210938,5970500,88.30999755859375,87.38999938964844,61.098106384277344
01-12-2015,86.69999694824219,87.44000244140625,3857800,87.87999725341797,87.77999877929688,61.37077713012695
02-12-2015,87.0,87.55000305175781,3522600,87.77999877929688,87.30000305175781,61.03518295288086
03-12-2015,87.20999908447266,87.55999755859375,6056700,87.98999786376953,87.33999633789062,61.063148498535156
04-12-2015,87.41000366210938,87.41000366210938,7203500,89.76000213623047,89.69999694824219,62.7131233215332
07-12-2015,88.30000305175781,89.25,3931800,89.63999938964844,88.79000091552734,62.07691955566406
08-12-2015,88.06999969482422,88.55999755859375,4119400,88.91999816894531,88.7699966430664,62.06292724609375
09-12-2015,87.4800033569336,88.51000213623047,3841000,89.5199966430664,88.0199966430664,61.53859329223633
10-12-2015,87.2300033569336,87.91999816894531,4183800,88.31999969482422,87.7300033569336,61.335811614990234
11-12-2015,85.95999908447266,86.76000213623047,4740300,87.18000030517578,86.31999969482422,60.35002517700195
14-12-2015,85.88999938964844,86.37999725341797,4636800,87.41999816894531,87.16000366210938,60.93732452392578
15-12-2015,87.12999725341797,87.62999725341797,4904900,88.37000274658203,87.83999633789062,61.4127197265625
16-12-2015,88.0,88.04000091552734,5275200,90.2699966430664,90.1500015258789,63.027740478515625
17-12-2015,88.95999908447266,90.06999969482422,4878700,90.1500015258789,89.08000183105469,62.27964782714844
18-12-2015,86.91999816894531,88.7300033569336,10829200,88.7300033569336,86.91999816894531,60.7695198059082
21-12-2015,85.73999786376953,86.36000061035156,4058100,86.66000366210938,86.62000274658203,61.278873443603516
22-12-2015,86.23999786376953,86.94000244140625,4377800,87.79000091552734,87.66000366210938,62.0146369934082
23-12-2015,87.86000061035156,87.91999816894531,3043400,89.18000030517578,89.08000183105469,63.01918411254883
24-12-2015,88.62999725341797,88.75,1201700,89.2300033569336,88.86000061035156,62.8635368347168
28-12-2015,88.08999633789062,88.55000305175781,1860500,88.79000091552734,88.58999633789062,62.67253494262695
29-12-2015,88.83999633789062,89.04000091552734,2212100,89.4800033569336,89.36000061035156,63.217254638671875
30-12-2015,88.77999877929688,89.4000015258789,1790700,89.4800033569336,88.9800033569336,62.94845199584961
31-12-2015,87.86000061035156,88.4800033569336,2502100,88.63999938964844,87.91000366210938,62.19147491455078
04-01-2016,85.76000213623047,86.8499984741211,4703000,87.05000305175781,87.0,61.54771423339844
05-01-2016,86.8499984741211,87.02999877929688,3923500,88.2300033569336,87.87000274658203,62.16317367553711
06-01-2016,87.02999877929688,87.02999877929688,4861600,88.20999908447266,87.8499984741211,62.1490364074707
07-01-2016,86.68000030517578,86.68000030517578,6132500,88.45999908447266,87.25,61.72455978393555
08-01-2016,86.4800033569336,87.58000183105469,5415200,87.6500015258789,86.70999908447266,61.342533111572266
11-01-2016,87.4000015258789,87.44000244140625,8021000,89.33000183105469,89.16999816894531,63.08285903930664
12-01-2016,88.16000366210938,89.61000061035156,4742600,89.87999725341797,89.08999633789062,63.02627944946289
13-01-2016,88.05999755859375,89.0,6109300,89.19999694824219,88.30999755859375,62.47446060180664
14-01-2016,86.94999694824219,88.38999938964844,8194700,89.05999755859375,87.87999725341797,62.170249938964844
15-01-2016,85.11000061035156,86.05000305175781,7420500,86.94000244140625,86.29000091552734,61.0454216003418
19-01-2016,86.44000244140625,86.44000244140625,5097300,87.83000183105469,87.47000122070312,61.88018798828125
20-01-2016,84.45999908447266,86.68000030517578,5729600,86.9000015258789,85.86000061035156,60.74120330810547
21-01-2016,84.69000244140625,85.41999816894531,5436400,86.19999694824219,85.80000305175781,60.698760986328125
22-01-2016,85.80000305175781,86.75,3677200,87.16999816894531,86.87000274658203,61.45573043823242
25-01-2016,86.51000213623047,87.05000305175781,3258800,87.5999984741211,86.68000030517578,61.32133483886719
26-01-2016,86.76000213623047,86.76000213623047,4544000,88.31999969482422,87.30999755859375,61.766998291015625
27-01-2016,87.20999908447266,87.6500015258789,4882900,89.37999725341797,88.08999633789062,62.318809509277344
28-01-2016,87.61000061035156,88.79000091552734,3856900,89.72000122070312,89.05999755859375,63.00503921508789
29-01-2016,88.33000183105469,88.86000061035156,8383100,90.23999786376953,90.01000213623047,63.67709732055664
01-02-2016,89.33000183105469,89.79000091552734,5985600,90.30999755859375,89.41000366210938,63.252662658691406
02-02-2016,88.30000305175781,88.51000213623047,5323000,89.44999694824219,89.3499984741211,63.210201263427734
03-02-2016,88.4800033569336,89.83999633789062,6023000,90.27999877929688,89.79000091552734,63.52146911621094
04-02-2016,87.68000030517578,87.68000030517578,6019900,90.3499984741211,89.0999984741211,63.03334045410156
05-02-2016,87.41999816894531,89.19000244140625,4557200,89.61000061035156,89.55000305175781,63.35169982910156
08-02-2016,88.6500015258789,89.27999877929688,5298500,90.29000091552734,89.72000122070312,63.47193908691406
09-02-2016,88.93000030517578,89.29000091552734,5114200,90.55999755859375,90.0199966430664,63.68418884277344
10-02-2016,89.04000091552734,90.25,3730600,90.38999938964844,89.2300033569336,63.12529754638672
11-02-2016,87.5,88.1500015258789,4181200,88.75,88.33999633789062,62.49567794799805
12-02-2016,88.25,89.02999877929688,4930400,89.5,89.05999755859375,63.00503921508789
16-02-2016,88.5999984741211,89.5,4482900,90.33999633789062,90.12000274658203,63.754947662353516
17-02-2016,89.76000213623047,90.05999755859375,6288600,92.19000244140625,91.2300033569336,64.54019927978516
18-02-2016,91.06999969482422,91.13999938964844,5886200,91.81999969482422,91.6500015258789,64.83731079101562
19-02-2016,90.77999877929688,91.58000183105469,4121500,92.19000244140625,91.94000244140625,65.04247283935547
22-02-2016,92.0199966430664,92.33999633789062,3796800,92.8499984741211,92.54000091552734,65.4669418334961
23-02-2016,91.80000305175781,92.41999816894531,3590000,92.79000091552734,92.05000305175781,65.12029266357422
24-02-2016,90.69999694824219,91.8499984741211,4534100,91.91000366210938,91.45999908447266,64.70289611816406
25-02-2016,91.36000061035156,91.52999877929688,3146400,92.4800033569336,92.44999694824219,65.40327453613281
26-02-2016,91.11000061035156,92.54000091552734,4025100,92.87000274658203,91.44999694824219,64.69581604003906
29-02-2016,90.4800033569336,91.0,4697700,91.7699966430664,91.02999877929688,64.39869689941406
01-03-2016,91.0199966430664,91.5999984741211,4489800,91.7300033569336,91.54000091552734,64.75949096679688
02-03-2016,90.79000091552734,91.29000091552734,3258500,91.88999938964844,91.55999755859375,64.7736587524414
03-03-2016,91.30999755859375,91.54000091552734,4144100,93.29000091552734,93.26000213623047,65.97631072998047
04-03-2016,93.25,93.29000091552734,5729300,94.91000366210938,94.48999786376953,66.84648132324219
07-03-2016,93.0999984741211,94.0199966430664,4888800,94.19000244140625,93.9000015258789,66.42906951904297
08-03-2016,93.76000213623047,94.06999969482422,5455200,94.79000091552734,94.44999694824219,66.81815338134766
09-03-2016,94.66000366210938,94.87000274658203,6544300,96.06999969482422,96.01000213623047,67.92180633544922
10-03-2016,95.75,95.98999786376953,5428700,96.87999725341797,96.83999633789062,68.50897216796875
11-03-2016,96.05999755859375,96.98999786376953,7202800,97.1500015258789,96.48999786376953,68.2613525390625
14-03-2016,96.0,96.58000183105469,4625300,97.12999725341797,96.44000244140625,68.2259750366211
15-03-2016,95.80000305175781,95.91000366210938,5039700,96.69999694824219,96.44000244140625,68.2259750366211
16-03-2016,95.6500015258789,96.41000366210938,3936900,97.36000061035156,97.18000030517578,68.74949645996094
17-03-2016,97.29000091552734,97.29000091552734,7378200,99.33000183105469,98.9000015258789,69.96629333496094
18-03-2016,97.91999816894531,99.02999877929688,9472700,99.23999786376953,98.16999816894531,69.44986724853516
21-03-2016,97.76000213623047,98.08000183105469,3784300,98.81999969482422,98.58999633789062,69.74699401855469
22-03-2016,96.43000030517578,97.33999633789062,3655200,97.69000244140625,96.73999786376953,69.15367889404297
23-03-2016,96.27999877929688,96.73999786376953,3028900,97.29000091552734,97.06999969482422,69.38957214355469
24-03-2016,96.66000366210938,97.04000091552734,3674800,97.5999984741211,97.56999969482422,69.74699401855469
28-03-2016,97.41999816894531,97.86000061035156,3206800,98.20999908447266,97.86000061035156,69.95429229736328
29-03-2016,97.37000274658203,98.0199966430664,5005300,98.88999938964844,98.86000061035156,70.66914367675781
30-03-2016,98.63999938964844,99.02999877929688,3405300,99.52999877929688,98.69000244140625,70.54762268066406
31-03-2016,98.01000213623047,98.52999877929688,4380300,99.01000213623047,98.11000061035156,70.13301086425781
01-04-2016,97.55000305175781,97.7699966430664,4184600,99.83000183105469,99.75,71.30533599853516
04-04-2016,99.47000122070312,99.95999908447266,4198200,100.4800033569336,100.36000061035156,71.74138641357422
05-04-2016,99.87999725341797,100.0,3524300,100.41000366210938,100.26000213623047,71.66990661621094
06-04-2016,100.20999908447266,100.33000183105469,4763300,101.30999755859375,101.16999816894531,72.3204116821289
07-04-2016,100.19000244140625,101.08999633789062,3681000,101.1500015258789,100.58000183105469,71.89865112304688
08-04-2016,100.44000244140625,100.80999755859375,3710200,100.94999694824219,100.87999725341797,72.11311340332031
11-04-2016,100.08999633789062,101.27999877929688,4943700,101.80000305175781,100.33000183105469,71.71994018554688
12-04-2016,100.41000366210938,100.47000122070312,4464100,101.81999969482422,101.62999725341797,72.64923858642578
13-04-2016,99.37000274658203,101.88999938964844,5404200,102.0,100.33000183105469,71.71994018554688
14-04-2016,99.55999755859375,100.4000015258789,4302400,101.4800033569336,99.76000213623047,71.31248474121094
15-04-2016,99.18000030517578,99.87000274658203,6298100,100.4800033569336,100.11000061035156,71.56268310546875
18-04-2016,99.77999877929688,100.11000061035156,5078500,101.38999938964844,100.5999984741211,71.91297149658203
19-04-2016,97.08000183105469,98.6500015258789,7394400,99.7300033569336,99.27999877929688,70.96937561035156
20-04-2016,98.0,98.88999938964844,4209600,99.2300033569336,98.12999725341797,70.14730072021484
21-04-2016,95.91000366210938,97.81999969482422,5090800,98.04000091552734,96.41999816894531,68.92493438720703
22-04-2016,96.12999725341797,96.5999984741211,3660600,96.97000122070312,96.91999816894531,69.28233337402344
25-04-2016,96.20999908447266,96.58999633789062,3251100,97.54000091552734,97.52999877929688,69.7183837890625
26-04-2016,96.93000030517578,97.93000030517578,3714600,98.08999633789062,97.23999786376953,69.51109313964844
27-04-2016,96.41000366210938,97.37000274658203,3708500,98.2300033569336,97.2699966430664,69.53253173828125
28-04-2016,96.5,96.61000061035156,3207700,97.94000244140625,97.3499984741211,69.58971405029297
29-04-2016,97.41000366210938,97.41999816894531,4268300,98.58000183105469,98.12000274658203,70.14014434814453
02-05-2016,97.88999938964844,98.41999816894531,2899600,98.87999725341797,98.55999755859375,70.4546890258789
03-05-2016,97.97000122070312,98.4800033569336,2673000,98.8499984741211,98.5199966430664,70.42608642578125
04-05-2016,97.51000213623047,97.91999816894531,3159400,98.94000244140625,98.77999877929688,70.61194610595703
05-05-2016,98.73999786376953,99.30999755859375,5751400,99.98999786376953,99.18000030517578,70.89787292480469
06-05-2016,99.19999694824219,99.2300033569336,4065400,100.4000015258789,100.31999969482422,71.71279907226562
09-05-2016,100.0199966430664,100.3499984741211,4491700,100.6500015258789,100.38999938964844,71.7628402709961
10-05-2016,100.4000015258789,100.5,3117900,101.93000030517578,101.88999938964844,72.8351058959961
11-05-2016,101.66000366210938,101.87999725341797,3380000,102.37999725341797,101.80000305175781,72.77075958251953
12-05-2016,101.61000061035156,101.91000366210938,4916100,102.55000305175781,102.18000030517578,73.04239654541016
13-05-2016,100.68000030517578,101.7300033569336,3066700,102.38999938964844,100.88999938964844,72.12025451660156
16-05-2016,100.30999755859375,100.83999633789062,3001100,101.94000244140625,101.70999908447266,72.70641326904297
17-05-2016,99.18000030517578,101.18000030517578,4346600,101.4800033569336,99.83999633789062,71.36966705322266
18-05-2016,98.41999816894531,99.80000305175781,3408500,99.91999816894531,98.94999694824219,70.73347473144531
19-05-2016,97.19999694824219,98.54000091552734,3466900,98.5999984741211,98.36000061035156,70.31169891357422
20-05-2016,97.83000183105469,98.66999816894531,3369500,98.69000244140625,98.04000091552734,70.08296966552734
23-05-2016,97.7300033569336,98.05999755859375,2365400,98.41999816894531,98.27999877929688,70.2545166015625
24-05-2016,98.58999633789062,98.70999908447266,3074400,99.37000274658203,98.83999633789062,70.65483093261719
25-05-2016,98.6500015258789,98.66999816894531,2543100,99.5,99.05000305175781,70.8049545288086
26-05-2016,98.45999908447266,99.05000305175781,2350500,99.16999816894531,99.01000213623047,70.77635955810547
27-05-2016,98.70999908447266,99.0999984741211,2059800,99.3499984741211,99.18000030517578,70.89787292480469
31-05-2016,98.16999816894531,99.31999969482422,5706400,99.5999984741211,98.68000030517578,70.54046630859375
01-06-2016,98.41999816894531,98.68000030517578,3472700,99.54000091552734,99.4000015258789,71.05516815185547
02-06-2016,98.87999725341797,99.13999938964844,2523200,99.37000274658203,99.26000213623047,70.955078125
03-06-2016,99.51000213623047,99.55999755859375,4792500,101.22000122070312,101.12000274658203,72.28466796875
06-06-2016,100.0199966430664,101.22000122070312,5121100,101.69000244140625,100.31999969482422,71.71279907226562
07-06-2016,100.22000122070312,100.45999908447266,5551400,100.91000366210938,100.45999908447266,71.81288146972656
08-06-2016,100.19999694824219,100.25,4124400,101.72000122070312,101.72000122070312,72.71356201171875
09-06-2016,100.76000213623047,101.27999877929688,4229900,102.01000213623047,101.77999877929688,72.75645446777344
10-06-2016,100.77999877929688,101.12999725341797,3608200,101.58999633789062,101.30000305175781,72.41333770751953
13-06-2016,100.51000213623047,100.87999725341797,3566000,101.58999633789062,100.56999969482422,71.89151000976562
14-06-2016,99.18000030517578,100.13999938964844,5161100,100.16999816894531,99.88999938964844,71.40541076660156
15-06-2016,99.25,100.1500015258789,3780100,100.30000305175781,99.6500015258789,71.23384857177734
16-06-2016,98.97000122070312,99.62000274658203,4575200,100.26000213623047,100.1500015258789,71.59127044677734
17-06-2016,99.62999725341797,100.36000061035156,6393800,101.0,100.7300033569336,72.00586700439453
20-06-2016,101.18000030517578,101.30000305175781,5045300,101.91000366210938,101.55000305175781,72.59204864501953
21-06-2016,100.45999908447266,100.87999725341797,5413800,101.13999938964844,100.8499984741211,72.82313537597656
22-06-2016,100.86000061035156,101.0,3504300,101.7699966430664,101.02999877929688,72.95308685302734
23-06-2016,101.0199966430664,101.66999816894531,2722800,101.91000366210938,101.9000015258789,73.5813217163086
24-06-2016,97.12000274658203,99.1500015258789,14754900,100.08000183105469,97.70999908447266,70.55574798583984
27-06-2016,96.88999938964844,97.33999633789062,8140200,98.66999816894531,98.19999694824219,70.90956115722656
28-06-2016,97.08000183105469,98.91000366210938,6146600,99.0,98.54000091552734,71.15509796142578
29-06-2016,98.1500015258789,98.80999755859375,4488400,99.19999694824219,98.62000274658203,71.21285247802734
30-06-2016,98.93000030517578,99.08999633789062,7545500,101.9000015258789,101.72000122070312,73.45134735107422
01-07-2016,101.12999725341797,101.72000122070312,4767800,102.30000305175781,101.27999877929688,73.1336441040039
05-07-2016,101.2699966430664,101.30000305175781,5932400,103.1500015258789,102.23999786376953,73.82684326171875
06-07-2016,101.19000244140625,102.30000305175781,4240500,102.83000183105469,102.36000061035156,73.91349029541016
07-07-2016,101.66000366210938,102.58000183105469,3143000,102.91000366210938,101.77999877929688,73.49467468261719
08-07-2016,101.75,102.33999633789062,3403800,103.16000366210938,103.08999633789062,74.44060516357422
11-07-2016,102.0999984741211,102.9800033569336,4040100,103.66999816894531,103.37999725341797,74.65001678466797
12-07-2016,102.75,103.33000183105469,3669000,103.81999969482422,102.9000015258789,74.30342864990234
13-07-2016,102.41000366210938,102.69999694824219,4013800,103.33999633789062,103.23999786376953,74.54893493652344
14-07-2016,102.73999786376953,103.37999725341797,3059800,103.66000366210938,103.19000244140625,74.51280975341797
15-07-2016,103.18000030517578,103.41000366210938,3531900,104.19999694824219,103.62999725341797,74.8305435180664
18-07-2016,102.9000015258789,103.48999786376953,4446500,103.7300033569336,103.0,74.37561798095703
19-07-2016,98.69999694824219,100.5,10017800,100.5,99.88999938964844,72.12991333007812
20-07-2016,99.5199966430664,100.37999725341797,5622900,101.0999984741211,99.6500015258789,71.95659637451172
21-07-2016,98.37000274658203,99.7699966430664,6596300,99.7699966430664,99.41999816894531,71.79052734375
22-07-2016,99.23999786376953,99.31999969482422,3843600,99.91000366210938,99.83999633789062,72.09382629394531
25-07-2016,99.41000366210938,99.81999969482422,2957700,100.13999938964844,99.70999908447266,71.99993896484375
26-07-2016,98.72000122070312,99.8499984741211,4126200,100.0,98.95999908447266,71.45835876464844
27-07-2016,97.13999938964844,98.9800033569336,7059000,99.0,97.33000183105469,70.2813491821289
28-07-2016,96.94999694824219,97.36000061035156,6361100,99.25,99.0999984741211,71.55945587158203
29-07-2016,98.62000274658203,99.29000091552734,5582100,100.4000015258789,100.26000213623047,72.3970947265625
01-08-2016,99.27999877929688,99.73999786376953,4341600,100.37999725341797,100.1500015258789,72.3176498413086
02-08-2016,99.48999786376953,100.12000274658203,3923100,100.2699966430664,99.97000122070312,72.18766784667969
03-08-2016,98.63999938964844,99.62000274658203,3727100,99.91999816894531,99.02999877929688,71.5089111328125
04-08-2016,98.9000015258789,99.36000061035156,3873700,99.55000305175781,99.0,71.48724365234375
05-08-2016,98.63999938964844,99.0,5777700,99.48999786376953,98.93000030517578,71.43671417236328
08-08-2016,98.23999786376953,98.77999877929688,3888200,99.5199966430664,98.55000305175781,71.16231536865234
09-08-2016,98.38999938964844,98.66999816894531,3462800,99.2300033569336,98.4000015258789,71.05398559570312
10-08-2016,98.69999694824219,98.9000015258789,3321000,99.87000274658203,99.16999816894531,71.60999298095703
11-08-2016,98.83000183105469,99.48999786376953,2999600,99.91999816894531,98.86000061035156,71.38616943359375
12-08-2016,98.9800033569336,99.52999877929688,3060100,99.97000122070312,99.0,71.48724365234375
15-08-2016,98.54000091552734,99.13999938964844,5256700,99.18000030517578,98.61000061035156,71.20564270019531
16-08-2016,98.4000015258789,98.41999816894531,3374500,99.66000366210938,99.47000122070312,71.82661437988281
17-08-2016,99.44999694824219,99.69999694824219,3894400,100.37999725341797,100.29000091552734,72.41875457763672
18-08-2016,99.81999969482422,100.06999969482422,3256600,100.3499984741211,100.33999633789062,72.45484161376953
19-08-2016,99.54000091552734,100.04000091552734,2912400,100.12000274658203,99.93000030517578,72.15880584716797
22-08-2016,99.69999694824219,99.95999908447266,2380400,100.19000244140625,100.12000274658203,72.29600524902344
23-08-2016,100.1500015258789,100.25,2101400,100.58000183105469,100.38999938964844,72.49095916748047
24-08-2016,99.4000015258789,100.12999725341797,2839300,100.37000274658203,100.12999725341797,72.30320739746094
25-08-2016,99.44000244140625,100.19999694824219,2397600,100.19999694824219,99.83999633789062,72.09382629394531
26-08-2016,98.86000061035156,99.95999908447266,2778300,100.4800033569336,99.0999984741211,71.55945587158203
29-08-2016,99.05999755859375,99.08000183105469,3024500,100.31999969482422,100.26000213623047,72.3970947265625
30-08-2016,99.55000305175781,100.05999755859375,2276600,100.25,99.97000122070312,72.18766784667969
31-08-2016,99.31999969482422,99.91999816894531,3143300,100.0199966430664,99.93000030517578,72.15880584716797
01-09-2016,99.61000061035156,99.80000305175781,3314400,100.66999816894531,100.62000274658203,72.65703582763672
02-09-2016,100.87000274658203,100.95999908447266,3531400,102.0999984741211,101.7699966430664,73.48745727539062
06-09-2016,101.44000244140625,101.66000366210938,3376200,102.37999725341797,102.36000061035156,73.91349029541016
07-09-2016,101.55000305175781,102.0,2959000,102.25,102.08999633789062,73.71852111816406
08-09-2016,100.87999725341797,102.0999984741211,3725200,102.19999694824219,101.31999969482422,73.16250610351562
09-09-2016,97.54000091552734,100.63999938964844,7231500,100.9800033569336,97.54000091552734,70.43299865722656
12-09-2016,97.91000366210938,98.0199966430664,6335900,100.98999786376953,100.63999938964844,72.67149353027344
13-09-2016,98.5199966430664,99.9800033569336,4377800,100.4800033569336,98.93000030517578,71.43671417236328
14-09-2016,98.27999877929688,99.16999816894531,4134900,99.4800033569336,98.62000274658203,71.21285247802734
15-09-2016,98.37000274658203,98.37000274658203,3870900,100.0,99.75,72.02881622314453
16-09-2016,98.48999786376953,99.22000122070312,5852300,99.37000274658203,98.83999633789062,71.37171173095703
19-09-2016,98.7699966430664,99.08999633789062,2530200,99.62999725341797,98.81999969482422,71.35726165771484
20-09-2016,98.83999633789062,99.19999694824219,2759400,99.95999908447266,99.20999908447266,71.6388931274414
21-09-2016,99.05999755859375,99.47000122070312,4491500,100.94999694824219,100.6500015258789,72.67869567871094
22-09-2016,101.0,101.08999633789062,4363800,102.08999633789062,101.72000122070312,73.45134735107422
23-09-2016,101.0199966430664,101.5999984741211,3763500,101.94999694824219,101.52999877929688,73.31413269042969
26-09-2016,99.05999755859375,100.43000030517578,4534200,100.43000030517578,99.13999938964844,72.32923889160156
27-09-2016,98.63999938964844,99.41999816894531,3338700,99.51000213623047,99.33000183105469,72.4678726196289
28-09-2016,98.9000015258789,99.55999755859375,3974100,99.70999908447266,99.41000366210938,72.5262222290039
29-09-2016,97.68000030517578,99.52999877929688,5462500,99.55000305175781,97.77999877929688,71.33702850341797
30-09-2016,97.12000274658203,98.2300033569336,7048600,98.69999694824219,97.22000122070312,70.92847442626953
03-10-2016,97.11000061035156,97.3499984741211,4881200,98.01000213623047,97.41999816894531,71.07437133789062
04-10-2016,96.05999755859375,97.20999908447266,5558900,97.62999725341797,96.0999984741211,70.1113510131836
05-10-2016,95.37000274658203,96.30000305175781,4646400,96.45999908447266,95.68000030517578,69.80492401123047
06-10-2016,95.0,95.2300033569336,3175200,96.04000091552734,95.63999938964844,69.77574157714844
07-10-2016,95.69999694824219,95.88999938964844,4056300,96.55999755859375,96.0199966430664,70.052978515625
10-10-2016,96.08999633789062,96.44000244140625,2205500,96.62999725341797,96.25,70.22077178955078
11-10-2016,95.1500015258789,96.19999694824219,4611400,96.25,95.5199966430664,69.68820190429688
12-10-2016,95.4000015258789,95.54000091552734,4133900,96.43000030517578,96.08999633789062,70.10405731201172
13-10-2016,95.44000244140625,95.93000030517578,4769000,96.68000030517578,96.19999694824219,70.18431091308594
14-10-2016,95.81999969482422,96.33000183105469,3156300,96.73999786376953,95.83000183105469,69.91436767578125
17-10-2016,95.26000213623047,95.83000183105469,4097900,95.9800033569336,95.51000213623047,69.680908203125
18-10-2016,95.91999816894531,96.97000122070312,6262300,97.0999984741211,96.55999755859375,70.44694519042969
19-10-2016,95.69000244140625,96.2300033569336,5552000,96.7699966430664,95.9800033569336,70.0238037109375
20-10-2016,95.44000244140625,95.95999908447266,3872600,96.29000091552734,95.56999969482422,69.7247085571289
21-10-2016,95.80000305175781,95.91999816894531,5274800,97.29000091552734,96.30999755859375,70.26455688476562
24-10-2016,96.41000366210938,96.79000091552734,4105300,97.01000213623047,96.91000366210938,70.70230865478516
25-10-2016,96.23999786376953,97.1500015258789,3456300,97.1500015258789,96.58000183105469,70.46155548095703
26-10-2016,95.83999633789062,96.58000183105469,3312900,96.97000122070312,96.05000305175781,70.07485961914062
27-10-2016,95.68000030517578,96.31999969482422,3612900,96.88999938964844,95.77999877929688,69.87786865234375
28-10-2016,95.77999877929688,96.11000061035156,4147000,96.7300033569336,96.30999755859375,70.26455688476562
31-10-2016,96.04000091552734,96.4800033569336,3327200,96.5,96.44000244140625,70.3593978881836
01-11-2016,95.75,96.62999725341797,3978500,96.73999786376953,96.08000183105469,70.09677124023438
02-11-2016,95.9000015258789,96.13999938964844,3820900,96.5199966430664,96.05000305175781,70.07485961914062
03-11-2016,95.87999725341797,96.29000091552734,2569900,96.58000183105469,96.2300033569336,70.2061996459961
04-11-2016,95.33000183105469,96.1500015258789,3138800,96.58999633789062,95.48999786376953,69.66631317138672
07-11-2016,96.30000305175781,96.37000274658203,4785200,97.3499984741211,97.33000183105469,71.00871276855469
08-11-2016,97.19999694824219,97.19999694824219,3227000,98.20999908447266,97.86000061035156,71.39540100097656
09-11-2016,93.0999984741211,96.04000091552734,8933900,96.06999969482422,94.3499984741211,68.8346176147461
10-11-2016,90.0199966430664,92.70999908447266,14941100,92.98999786376953,90.5,66.02579498291016
11-11-2016,88.69999694824219,90.45999908447266,7938900,90.76000213623047,88.94999694824219,64.89493560791016
14-11-2016,86.9000015258789,89.19999694824219,12032500,89.41000366210938,87.33000183105469,63.71307373046875
15-11-2016,87.2300033569336,87.5,8715900,88.27999877929688,87.5,63.83708190917969
16-11-2016,87.37999725341797,87.79000091552734,8201800,88.72000122070312,87.91999816894531,64.14350128173828
17-11-2016,87.94000244140625,88.05000305175781,8751100,89.73999786376953,89.2699966430664,65.12840270996094
18-11-2016,88.2699966430664,89.37999725341797,6471000,89.81999969482422,89.08999633789062,64.99708557128906
21-11-2016,88.95999908447266,89.08999633789062,5408600,89.68000030517578,89.62000274658203,65.38375854492188
22-11-2016,89.19999694824219,89.9000015258789,4837600,90.23999786376953,90.0,65.66099548339844
23-11-2016,88.54000091552734,89.75,4896600,89.75,88.88999938964844,64.8511734008789
25-11-2016,88.91999816894531,88.91999816894531,3850500,89.51000213623047,89.29000091552734,65.14301300048828
28-11-2016,89.29000091552734,89.37000274658203,5077200,90.3499984741211,90.23999786376953,65.83607482910156
29-11-2016,90.0,90.12999725341797,4130700,90.62000274658203,90.5999984741211,66.09873962402344
30-11-2016,88.25,90.18000030517578,8426700,90.61000061035156,88.27999877929688,64.40614318847656
01-12-2016,86.77999877929688,87.8499984741211,6168900,88.0999984741211,87.7699966430664,64.03404235839844
02-12-2016,87.63999938964844,88.16000366210938,4818400,88.69999694824219,88.08000183105469,64.26022338867188
05-12-2016,87.56999969482422,87.91999816894531,5204400,88.31999969482422,87.7699966430664,64.03404235839844
06-12-2016,87.66999816894531,87.7300033569336,3541800,88.47000122070312,88.18000030517578,64.33319854736328
07-12-2016,87.9000015258789,88.30999755859375,4960600,89.88999938964844,89.87000274658203,65.5661392211914
08-12-2016,88.70999908447266,89.36000061035156,4247100,89.80000305175781,89.38999938964844,65.21595764160156
09-12-2016,89.4000015258789,89.5199966430664,4298000,90.52999877929688,90.23999786376953,65.83607482910156
12-12-2016,90.33999633789062,90.41999816894531,3805100,91.05000305175781,90.81999969482422,66.25923919677734
13-12-2016,91.01000213623047,91.11000061035156,4900400,92.16000366210938,92.02999877929688,67.14202117919922
14-12-2016,90.20999908447266,92.26000213623047,6652000,92.62999725341797,90.72000122070312,66.186279296875
15-12-2016,89.75,90.29000091552734,5550500,90.7699966430664,89.9000015258789,65.5880355834961
16-12-2016,89.62000274658203,90.08000183105469,7723600,91.43000030517578,91.30999755859375,66.61674499511719
19-12-2016,90.69000244140625,91.55000305175781,4334400,91.55000305175781,91.45999908447266,66.72615814208984
20-12-2016,88.9000015258789,90.41999816894531,4586800,90.7300033569336,90.69999694824219,66.93279266357422
21-12-2016,90.63999938964844,90.76000213623047,4294400,91.69000244140625,91.30999755859375,67.38294982910156
22-12-2016,90.76000213623047,91.01000213623047,3682200,91.66999816894531,91.61000061035156,67.60432434082031
23-12-2016,91.27999877929688,91.7300033569336,2547100,91.73999786376953,91.58000183105469,67.58219909667969
27-12-2016,91.08999633789062,91.52999877929688,1990800,91.79000091552734,91.33000183105469,67.397705078125
28-12-2016,90.61000061035156,91.02999877929688,2290700,91.31999969482422,90.94000244140625,67.10989379882812
29-12-2016,90.75,90.94999694824219,3107600,92.0,91.7300033569336,67.69290924072266
30-12-2016,91.30000305175781,91.79000091552734,3314600,92.1500015258789,91.48999786376953,67.51578521728516
03-01-2017,90.91999816894531,91.79000091552734,5020900,92.0,91.2300033569336,67.32390594482422
04-01-2017,90.12000274658203,90.52999877929688,6695000,91.12000274658203,90.41999816894531,66.7261734008789
05-01-2017,90.52999877929688,90.69000244140625,4840100,91.76000213623047,91.12999725341797,67.25011444091797
06-01-2017,90.7300033569336,91.38999938964844,3826100,91.95999908447266,91.83999633789062,67.77405548095703
09-01-2017,90.83000183105469,91.08999633789062,3529300,91.44000244140625,91.30999755859375,67.38294982910156
10-01-2017,90.30999755859375,91.66000366210938,4203400,91.66000366210938,90.5199966430664,66.79995727539062
11-01-2017,90.33000183105469,90.6500015258789,3603500,90.95999908447266,90.44000244140625,66.74092102050781
12-01-2017,90.25,90.44999694824219,3000700,90.86000061035156,90.51000213623047,66.7925796508789
13-01-2017,89.97000122070312,90.41999816894531,3054600,90.69999694824219,90.4000015258789,66.71141815185547
17-01-2017,90.1500015258789,90.62999725341797,6363300,92.55999755859375,92.36000061035156,68.15779876708984
18-01-2017,92.54000091552734,92.5999984741211,5236800,93.5199966430664,93.48999786376953,68.99169921875
19-01-2017,93.2300033569336,93.36000061035156,5563300,93.97000122070312,93.8499984741211,69.25736999511719
20-01-2017,94.06999969482422,94.12999725341797,5628700,94.68000030517578,94.56999969482422,69.7886962890625
23-01-2017,94.31999969482422,94.61000061035156,3350300,94.80999755859375,94.76000213623047,69.92890167236328
24-01-2017,94.87999725341797,94.91999816894531,4945300,95.94000244140625,95.77999877929688,70.68160247802734
25-01-2017,95.48999786376953,95.66999816894531,5353000,96.97000122070312,96.38999938964844,71.13177490234375
26-01-2017,96.26000213623047,96.55999755859375,3524500,96.88999938964844,96.36000061035156,71.10964965820312
27-01-2017,95.83000183105469,96.58000183105469,3055200,96.83999633789062,96.31999969482422,71.08010864257812
30-01-2017,95.62999725341797,96.51000213623047,3403200,96.5199966430664,95.95999908447266,70.81444549560547
31-01-2017,95.75,96.11000061035156,4173400,96.38999938964844,96.12999725341797,70.93992614746094
01-02-2017,95.19999694824219,95.61000061035156,5263800,97.0,95.94999694824219,70.80706024169922
02-02-2017,97.25,97.93000030517578,6169600,99.31999969482422,98.83999633789062,72.93975830078125
03-02-2017,99.0999984741211,99.18000030517578,6655200,101.43000030517578,101.11000061035156,74.61492919921875
06-02-2017,99.91999816894531,100.83000183105469,5905700,100.83999633789062,100.0,73.79580688476562
07-02-2017,99.94000244140625,100.0,5450100,101.77999877929688,101.62999725341797,74.99867248535156
08-02-2017,101.38999938964844,101.44999694824219,4881500,102.98999786376953,102.62999725341797,75.73661804199219
09-02-2017,101.7300033569336,102.33000183105469,3125800,102.91000366210938,102.7699966430664,75.83992767333984
10-02-2017,101.79000091552734,102.31999969482422,3412700,102.83999633789062,102.62999725341797,75.73661804199219
13-02-2017,102.19999694824219,102.80999755859375,2886500,103.12999725341797,102.7300033569336,75.81043243408203
14-02-2017,101.79000091552734,102.66999816894531,3311900,102.88999938964844,102.58000183105469,75.69974517822266
15-02-2017,101.7699966430664,102.29000091552734,3396000,103.04000091552734,102.93000030517578,75.95801544189453
16-02-2017,102.31999969482422,102.9000015258789,4888600,103.12999725341797,102.98999786376953,76.00228118896484
17-02-2017,102.7699966430664,102.93000030517578,5093000,103.7300033569336,103.66000366210938,76.4967269897461
21-02-2017,103.05000305175781,103.37000274658203,4570200,104.75,104.55999755859375,77.16087341308594
22-02-2017,103.80000305175781,104.48999786376953,3660500,104.87000274658203,104.52999877929688,77.13874053955078
23-02-2017,104.76000213623047,104.94999694824219,4286100,106.66999816894531,106.5199966430664,78.6072769165039
24-02-2017,105.80000305175781,106.44000244140625,5549700,107.7699966430664,107.72000122070312,79.49285125732422
27-02-2017,107.2300033569336,107.52999877929688,5557300,108.9000015258789,108.69999694824219,80.21602630615234
28-02-2017,108.30000305175781,108.30999755859375,7336600,109.98999786376953,109.3499984741211,80.69570922851562
01-03-2017,108.68000030517578,109.0,5140700,110.30000305175781,110.22000122070312,81.33771514892578
02-03-2017,109.5199966430664,110.0,4419500,110.30000305175781,109.80000305175781,81.02778625488281
03-03-2017,109.2699966430664,109.61000061035156,3722400,110.25,110.20999908447266,81.3303451538086
06-03-2017,109.45999908447266,109.80999755859375,7192100,110.16999816894531,109.7300033569336,80.97614288330078
07-03-2017,109.5,109.5199966430664,3929100,110.63999938964844,110.55000305175781,81.58126831054688
08-03-2017,109.38999938964844,110.19000244140625,3681100,110.5,109.72000122070312,80.96874237060547
09-03-2017,109.70999908447266,109.9800033569336,3465900,110.5,110.27999877929688,81.38201141357422
10-03-2017,110.0999984741211,110.5,5141600,110.70999908447266,110.54000091552734,81.5738754272461
13-03-2017,110.38999938964844,110.66999816894531,3166300,111.0999984741211,111.0199966430664,81.9281005859375
14-03-2017,110.41999816894531,110.72000122070312,3518600,111.37999725341797,110.7699966430664,81.74359893798828
15-03-2017,110.95999908447266,111.0,3665600,112.76000213623047,112.41999816894531,82.96123504638672
16-03-2017,112.02999877929688,112.80000305175781,4002000,112.94999694824219,112.69999694824219,83.1678466796875
17-03-2017,112.7300033569336,113.19999694824219,8831000,114.45999908447266,113.0,83.38926696777344
20-03-2017,113.0,113.04000091552734,5682600,114.11000061035156,114.01000213623047,84.13459777832031
21-03-2017,113.19000244140625,113.30000305175781,6947200,114.6500015258789,113.48999786376953,84.52186584472656
22-03-2017,112.8499984741211,113.9000015258789,5343100,114.0999984741211,113.0,84.15695190429688
23-03-2017,112.68000030517578,112.83000183105469,4522100,113.80999755859375,112.94999694824219,84.11969757080078
24-03-2017,110.01000213623047,112.31999969482422,6601600,112.31999969482422,111.79000091552734,83.25579071044922
27-03-2017,110.80000305175781,111.2300033569336,4521600,112.56999969482422,112.37999725341797,83.69520568847656
28-03-2017,111.58999633789062,112.13999938964844,4000900,112.94999694824219,112.80000305175781,84.00799560546875
29-03-2017,112.47000122070312,112.73999786376953,3613200,113.52999877929688,113.4000015258789,84.45484161376953
30-03-2017,112.87000274658203,113.16000366210938,2968100,114.05999755859375,113.5199966430664,84.54420471191406
31-03-2017,112.87000274658203,113.54000091552734,3790700,113.72000122070312,112.9000015258789,84.08246612548828
03-04-2017,112.55000305175781,112.91000366210938,3333400,113.4000015258789,112.91000366210938,84.08992004394531
04-04-2017,113.04000091552734,113.16999816894531,7336000,113.66999816894531,113.44999694824219,84.49207305908203
05-04-2017,113.05999755859375,113.5,4072800,114.05999755859375,113.19000244140625,84.29845428466797
06-04-2017,112.37999725341797,113.37999725341797,4358900,113.7699966430664,112.58999633789062,83.85157012939453
07-04-2017,112.83000183105469,112.86000061035156,5636900,114.0199966430664,113.5999984741211,84.6037826538086
10-04-2017,112.83000183105469,113.5999984741211,4973500,113.97000122070312,113.05000305175781,84.19417572021484
11-04-2017,113.0,113.4800033569336,3587100,113.68000030517578,113.41999816894531,84.46973419189453
12-04-2017,113.25,113.69000244140625,4141800,113.94999694824219,113.77999877929688,84.73783111572266
13-04-2017,112.94000244140625,113.4800033569336,3098300,113.77999877929688,113.05999755859375,84.20161437988281
17-04-2017,113.13999938964844,113.13999938964844,4105500,114.87000274658203,114.73999786376953,85.45279693603516
18-04-2017,114.58000183105469,114.69000244140625,5275000,115.62999725341797,115.20999908447266,85.80284118652344
19-04-2017,113.70999908447266,115.08000183105469,3688400,115.1500015258789,113.91000366210938,84.83466339111328
20-04-2017,108.55999755859375,109.1500015258789,9707200,110.7300033569336,109.9800033569336,81.90778350830078
21-04-2017,109.5,109.77999877929688,4695700,110.2699966430664,109.62000274658203,81.63965606689453
24-04-2017,110.33999633789062,110.4800033569336,4382900,112.75,112.38999938964844,83.70262908935547
25-04-2017,112.0,112.37999725341797,3827400,113.44999694824219,113.08999633789062,84.22395324707031
26-04-2017,111.08999633789062,112.86000061035156,3778400,113.0,111.1500015258789,82.7791519165039
27-04-2017,110.0,111.19999694824219,5509600,111.44000244140625,110.19000244140625,82.06417083740234
28-04-2017,109.7300033569336,110.12999725341797,3694300,110.91000366210938,110.83999633789062,82.54826354980469
01-05-2017,110.52999877929688,111.0,2350200,111.08000183105469,110.55000305175781,82.33230590820312
02-05-2017,110.25,110.5999984741211,2926300,110.83000183105469,110.47000122070312,82.27271270751953
03-05-2017,109.94999694824219,110.4000015258789,2915500,110.87000274658203,110.61000061035156,82.37696838378906
04-05-2017,110.55000305175781,110.88999938964844,3496000,111.75,111.19999694824219,82.81636810302734
05-05-2017,111.33000183105469,111.51000213623047,2883200,112.30000305175781,112.25,83.59837341308594
08-05-2017,111.88999938964844,112.08999633789062,3688200,112.6500015258789,112.62999725341797,83.88137817382812
09-05-2017,110.94000244140625,112.94000244140625,4491600,112.94000244140625,111.93000030517578,83.36004638671875
10-05-2017,110.62999725341797,111.69999694824219,3623800,112.11000061035156,110.83000183105469,82.54081726074219
11-05-2017,110.08999633789062,110.7300033569336,3581600,111.41000366210938,111.19000244140625,82.80892944335938
12-05-2017,110.80000305175781,110.95999908447266,2407500,111.80000305175781,111.70999908447266,83.19619750976562
15-05-2017,111.6500015258789,111.88999938964844,2332000,112.47000122070312,112.36000061035156,83.68029022216797
16-05-2017,112.61000061035156,112.94999694824219,3851100,114.36000061035156,113.5199966430664,84.54420471191406
17-05-2017,113.0999984741211,113.5199966430664,4562800,114.7300033569336,113.75,84.71549224853516
18-05-2017,113.29000091552734,113.77999877929688,3350700,114.29000091552734,113.58000183105469,84.5888900756836
19-05-2017,113.5,113.98999786376953,4236100,115.2699966430664,114.73999786376953,85.45279693603516
22-05-2017,114.87000274658203,115.02999877929688,3687600,116.37000274658203,116.22000122070312,86.55503845214844
23-05-2017,116.0999984741211,116.18000030517578,3796000,117.58999633789062,116.45999908447266,86.73377990722656
24-05-2017,116.25,116.86000061035156,2618600,117.5199966430664,117.43000030517578,87.4561767578125
25-05-2017,117.63999938964844,117.79000091552734,3072900,119.77999877929688,119.4800033569336,88.98294067382812
26-05-2017,118.95999908447266,119.25,2243100,119.87999725341797,119.83000183105469,89.24360656738281
30-05-2017,118.98999786376953,119.25,2860300,120.19000244140625,119.94999694824219,89.33294677734375
31-05-2017,119.7699966430664,120.4800033569336,4719000,121.11000061035156,119.80000305175781,89.22124481201172
01-06-2017,119.27999877929688,120.0,4730000,120.93000030517578,120.9000015258789,90.04048156738281
02-06-2017,120.52999877929688,121.3499984741211,3133300,121.81999969482422,121.79000091552734,90.70329284667969
05-06-2017,120.80999755859375,121.5,2625500,122.0,121.97000122070312,90.83734893798828
06-06-2017,121.44999694824219,121.7699966430664,3583100,122.9000015258789,122.0,90.85969543457031
07-06-2017,121.56999969482422,121.95999908447266,3235800,122.87000274658203,122.30000305175781,91.0831069946289
08-06-2017,120.5199966430664,122.30000305175781,4088500,122.30000305175781,121.11000061035156,90.19686126708984
09-06-2017,119.79000091552734,120.97000122070312,4160000,121.5,120.12000274658203,89.4595718383789
12-06-2017,118.86000061035156,120.12000274658203,4786700,120.30999755859375,119.16999816894531,88.75203704833984
13-06-2017,118.04000091552734,118.87000274658203,4336000,119.01000213623047,118.69000244140625,88.39457702636719
14-06-2017,118.91000366210938,119.0,3780300,120.2300033569336,119.75,89.18401336669922
15-06-2017,119.0199966430664,119.2300033569336,3854700,120.86000061035156,120.51000213623047,89.75001525878906
16-06-2017,119.87999725341797,119.87999725341797,7117900,121.97000122070312,121.83999633789062,90.74052429199219
19-06-2017,121.72000122070312,122.05999755859375,2983900,122.9800033569336,122.9000015258789,91.52996826171875
20-06-2017,122.01000213623047,122.7300033569336,3051700,123.55000305175781,122.11000061035156,90.94161224365234
21-06-2017,120.13999938964844,121.0999984741211,3180600,121.83999633789062,120.19000244140625,90.28060150146484
22-06-2017,119.6500015258789,120.1500015258789,2209900,120.20999908447266,119.70999908447266,89.92005920410156
23-06-2017,119.44999694824219,119.8499984741211,3391400,120.1500015258789,119.55999755859375,89.80738830566406
26-06-2017,119.43000030517578,119.69000244140625,1789400,120.11000061035156,119.51000213623047,89.76982879638672
27-06-2017,117.83999633789062,119.5999984741211,3972400,120.19999694824219,118.13999938964844,88.7407455444336
28-06-2017,118.4000015258789,118.69999694824219,1848000,119.52999877929688,118.93000030517578,89.33415985107422
29-06-2017,116.7300033569336,118.4000015258789,3227300,118.44000244140625,117.08000183105469,87.94453430175781
30-06-2017,117.08999633789062,117.2300033569336,3222900,118.4000015258789,117.44999694824219,88.2224349975586
03-07-2017,116.66000366210938,117.86000061035156,1632700,117.93000030517578,116.9000015258789,87.809326171875
05-07-2017,116.16999816894531,116.16999816894531,3667900,118.72000122070312,118.54000091552734,89.04120635986328
06-07-2017,117.87000274658203,118.20999908447266,3831000,118.62999725341797,118.3499984741211,88.89847564697266
07-07-2017,117.41000366210938,118.55999755859375,2713100,118.6500015258789,117.9000015258789,88.56047058105469
10-07-2017,117.86000061035156,117.9800033569336,2492400,118.97000122070312,118.16000366210938,88.75579071044922
11-07-2017,116.98999786376953,118.3499984741211,3465600,118.3499984741211,117.20999908447266,88.04219055175781
12-07-2017,117.56999969482422,118.1500015258789,2949200,118.58999633789062,118.2300033569336,88.80835723876953
13-07-2017,117.44000244140625,118.31999969482422,3770400,118.44999694824219,117.51000213623047,88.26752471923828
14-07-2017,118.0,118.0199966430664,3826800,119.48999786376953,119.12999725341797,89.48439025878906
17-07-2017,118.80000305175781,119.44000244140625,2841200,119.6500015258789,119.0,89.3867416381836
18-07-2017,118.66000366210938,119.0,3217800,120.0,119.63999938964844,89.86747741699219
19-07-2017,119.41999816894531,119.51000213623047,5003800,121.69000244140625,121.62000274658203,91.35475158691406
20-07-2017,117.55000305175781,118.66000366210938,6564100,121.16000366210938,119.86000061035156,90.03274536132812
21-07-2017,118.72000122070312,119.56999969482422,3543600,119.83999633789062,119.58000183105469,89.82241821289062
24-07-2017,118.83999633789062,119.43000030517578,3935500,120.0,118.88999938964844,89.30410766601562
25-07-2017,117.76000213623047,119.52999877929688,4991700,119.73999786376953,117.81999969482422,88.50037384033203
26-07-2017,117.5,117.93000030517578,4110900,118.58999633789062,117.6500015258789,88.3727035522461
27-07-2017,117.47000122070312,117.6500015258789,4439800,118.76000213623047,118.19000244140625,88.77830505371094
28-07-2017,109.30999755859375,118.20999908447266,15993900,118.91999816894531,118.51000213623047,89.01868438720703
31-07-2017,116.61000061035156,117.12999725341797,6421800,118.25,116.70999908447266,87.66661834716797
01-08-2017,115.66999816894531,117.01000213623047,5708400,117.37999725341797,115.87999725341797,87.04314422607422
02-08-2017,113.87999725341797,115.80999755859375,5701500,115.80999755859375,114.45999908447266,85.97651672363281
03-08-2017,114.16999816894531,114.79000091552734,4265500,115.5199966430664,114.48999786376953,85.99908447265625
04-08-2017,113.91000366210938,115.43000030517578,4568000,115.44999694824219,114.76000213623047,86.20187377929688
07-08-2017,114.68000030517578,114.75,3844900,115.88999938964844,115.86000061035156,87.02813720703125
08-08-2017,114.55000305175781,115.48999786376953,2813200,115.55000305175781,114.66999816894531,86.13426971435547
09-08-2017,114.56999969482422,114.98999786376953,2512400,115.80000305175781,115.41000366210938,86.69012451171875
10-08-2017,114.06999969482422,115.02999877929688,3519100,115.5,114.22000122070312,85.79624938964844
11-08-2017,114.0199966430664,115.05000305175781,2653800,115.41999816894531,114.87999725341797,86.29198455810547
14-08-2017,114.47000122070312,114.88999938964844,3245000,115.11000061035156,114.76000213623047,86.20187377929688
15-08-2017,114.77999877929688,114.88999938964844,4005800,117.12999725341797,116.81999969482422,87.74922943115234
16-08-2017,116.38999938964844,116.7699966430664,3106100,117.9800033569336,117.7300033569336,88.43278503417969
17-08-2017,115.66999816894531,117.75,3269000,118.29000091552734,115.93000030517578,87.0807113647461
18-08-2017,114.66999816894531,115.75,4178200,115.94999694824219,115.33000183105469,86.63002014160156
21-08-2017,115.08000183105469,115.29000091552734,2442300,116.48999786376953,116.25,87.3210678100586
22-08-2017,115.76000213623047,116.33999633789062,1882100,117.0,116.2300033569336,87.30607604980469
23-08-2017,115.0199966430664,116.01000213623047,2190000,116.45999908447266,115.45999908447266,86.7276840209961
24-08-2017,114.0999984741211,115.66000366210938,2806000,116.11000061035156,114.5199966430664,86.02159118652344
25-08-2017,114.4800033569336,115.19000244140625,3109500,115.41000366210938,114.80000305175781,86.2319107055664
28-08-2017,114.73999786376953,115.22000122070312,2736600,115.70999908447266,115.54000091552734,86.78776550292969
29-08-2017,114.87000274658203,115.16000366210938,2741900,116.8499984741211,116.55000305175781,87.54643249511719
30-08-2017,115.55999755859375,116.0,2903600,117.0,116.43000030517578,87.45629119873047
31-08-2017,116.26000213623047,116.7300033569336,4283000,117.20999908447266,116.93000030517578,87.83185577392578
01-09-2017,116.87999725341797,117.16999816894531,3036800,117.94000244140625,117.83000183105469,88.5079116821289
05-09-2017,116.62999725341797,117.41999816894531,3061600,117.75,117.66999816894531,88.38771057128906
06-09-2017,117.48999786376953,118.0,3660400,119.0999984741211,118.62000274658203,89.10131072998047
07-09-2017,117.13999938964844,118.23999786376953,3577200,119.43000030517578,118.91999816894531,89.32665252685547
08-09-2017,116.72000122070312,119.05999755859375,3660000,119.19000244140625,117.05999755859375,87.92951965332031
11-09-2017,117.58000183105469,117.58000183105469,2900900,118.44000244140625,117.93000030517578,88.58302307128906
12-09-2017,116.2699966430664,118.06999969482422,2461300,118.16999816894531,117.05000305175781,87.92201232910156
13-09-2017,116.7300033569336,116.73999786376953,2680900,117.4800033569336,116.86000061035156,87.77928161621094
14-09-2017,116.20999908447266,116.86000061035156,3596500,117.05999755859375,116.7300033569336,87.68164825439453
15-09-2017,115.05000305175781,116.58000183105469,5992400,116.7300033569336,115.79000091552734,86.97554016113281
18-09-2017,115.12000274658203,115.69000244140625,2998500,116.19000244140625,116.08000183105469,87.1933822631836
19-09-2017,114.94000244140625,115.98999786376953,3105600,116.06999969482422,115.36000061035156,86.65257263183594
20-09-2017,112.77999877929688,115.44000244140625,3822300,115.62000274658203,113.43000030517578,85.20284271240234
21-09-2017,112.75,113.30000305175781,2887700,113.66999816894531,112.91999816894531,84.81974029541016
22-09-2017,112.27999877929688,113.05999755859375,2999000,113.20999908447266,112.51000213623047,84.51177978515625
25-09-2017,112.37000274658203,112.7699966430664,4734900,113.68000030517578,113.25,85.067626953125
26-09-2017,112.0999984741211,112.27999877929688,3537400,113.33000183105469,112.20999908447266,85.09037780761719
27-09-2017,111.1500015258789,111.98999786376953,3719400,112.19000244140625,111.61000061035156,84.63538360595703
28-09-2017,111.55000305175781,112.16999816894531,3479100,112.37999725341797,111.80000305175781,84.77945709228516
29-09-2017,110.94000244140625,111.77999877929688,3912800,112.29000091552734,111.01000213623047,84.18041229248047
02-10-2017,110.61000061035156,111.2300033569336,3403300,111.7300033569336,110.87000274658203,84.07425689697266
03-10-2017,110.05000305175781,110.66000366210938,2903000,110.69000244140625,110.19000244140625,83.55859375
04-10-2017,110.16000366210938,110.4800033569336,4161800,111.9000015258789,111.41999816894531,84.49132537841797
05-10-2017,111.27999877929688,111.45999908447266,4904300,112.0199966430664,111.54000091552734,84.58231353759766
06-10-2017,110.70999908447266,111.4800033569336,5642200,111.73999786376953,111.2699966430664,84.3775634765625
09-10-2017,111.54000091552734,111.58000183105469,3292500,114.58000183105469,113.37000274658203,85.97004699707031
10-10-2017,113.93000030517578,114.12000274658203,3930600,115.27999877929688,115.16999816894531,87.33499908447266
11-10-2017,113.80000305175781,114.87000274658203,3374000,115.1500015258789,114.26000213623047,86.64494323730469
12-10-2017,113.5,114.66000366210938,3100400,114.75,114.52999877929688,86.84966278076172
13-10-2017,113.9000015258789,114.95999908447266,2658100,115.1500015258789,113.98999786376953,86.440185546875
16-10-2017,113.44000244140625,114.05000305175781,2559600,114.4000015258789,113.5199966430664,86.08377075195312
17-10-2017,112.43000030517578,113.12000274658203,3997700,113.41000366210938,112.6500015258789,85.42404174804688
18-10-2017,112.23999786376953,112.62000274658203,3442000,112.88999938964844,112.51000213623047,85.31787109375
19-10-2017,107.01000213623047,109.04000091552734,9606600,111.86000061035156,108.1500015258789,82.01163482666016
20-10-2017,108.0,108.55999755859375,6177200,109.5199966430664,109.5199966430664,83.0505142211914
23-10-2017,109.12000274658203,109.44999694824219,3762100,110.2699966430664,109.36000061035156,82.9291763305664
24-10-2017,108.16000366210938,109.16999816894531,4117700,109.66999816894531,108.56999969482422,82.33011627197266
25-10-2017,106.75,108.41000366210938,4060400,108.8499984741211,107.0,81.13955688476562
26-10-2017,106.86000061035156,107.5,3468100,107.8499984741211,106.93000030517578,81.08649444580078
27-10-2017,105.75,106.66000366210938,5067400,107.0199966430664,105.94000244140625,80.33576202392578
30-10-2017,104.55999755859375,105.70999908447266,5021400,105.80000305175781,104.69999694824219,79.39544677734375
31-10-2017,104.26000213623047,104.75,5419200,105.19999694824219,104.63999938964844,79.3499526977539
01-11-2017,103.63999938964844,104.77999877929688,4102200,105.0,103.75,78.67504119873047
02-11-2017,102.44999694824219,103.70999908447266,4601500,103.8499984741211,102.80000305175781,77.95465087890625
03-11-2017,102.4800033569336,103.0,3064300,103.05000305175781,102.66000366210938,77.8484878540039
06-11-2017,101.58000183105469,102.62000274658203,4167000,103.08999633789062,102.13999938964844,77.45417022705078
07-11-2017,101.94000244140625,102.05999755859375,3901900,103.16000366210938,103.0199966430664,78.12149047851562
08-11-2017,102.66000366210938,103.0199966430664,4882700,103.38999938964844,103.08999633789062,78.17457580566406
09-11-2017,102.18000030517578,102.91000366210938,3427700,103.0999984741211,102.45999908447266,77.69682312011719
10-11-2017,102.05000305175781,102.08999633789062,4935200,103.27999877929688,103.0199966430664,78.12149047851562
13-11-2017,103.0,103.11000061035156,3864600,103.81999969482422,103.51000213623047,78.49305725097656
14-11-2017,102.62999725341797,103.38999938964844,4736100,103.7699966430664,102.72000122070312,77.89398193359375
15-11-2017,101.63999938964844,102.31999969482422,4928400,102.5999984741211,102.05000305175781,77.38591003417969
16-11-2017,102.45999908447266,102.5,3207000,103.45999908447266,102.66000366210938,77.8484878540039
17-11-2017,102.01000213623047,102.20999908447266,4084500,103.01000213623047,102.63999938964844,77.83331298828125
20-11-2017,102.51000213623047,102.66000366210938,4779700,103.73999786376953,102.54000091552734,77.75750732421875
21-11-2017,102.83000183105469,102.93000030517578,4224000,103.94000244140625,103.36000061035156,78.37930297851562
22-11-2017,103.19000244140625,103.41000366210938,3658100,103.75,103.54000091552734,78.51580047607422
24-11-2017,102.9800033569336,103.80000305175781,1970500,103.9000015258789,103.18000030517578,78.24280548095703
27-11-2017,102.72000122070312,103.25,3377100,103.30999755859375,102.72000122070312,77.89398193359375
28-11-2017,102.44000244140625,102.81999969482422,4687700,103.05999755859375,102.87999725341797,78.01531982421875
29-11-2017,102.01000213623047,102.5199966430664,4343800,103.16999816894531,102.68000030517578,77.86363983154297
30-11-2017,102.61000061035156,102.70999908447266,7123200,103.37000274658203,102.75,77.91673278808594
01-12-2017,102.1500015258789,103.2699966430664,6318600,103.79000091552734,103.70999908447266,78.64470672607422
04-12-2017,103.04000091552734,103.95999908447266,5179400,104.83999633789062,104.61000061035156,79.32719421386719
05-12-2017,104.33999633789062,105.48999786376953,4916200,105.56999969482422,105.45999908447266,79.97176361083984
06-12-2017,105.2699966430664,106.62999725341797,5108900,107.93000030517578,107.5999984741211,81.59455108642578
07-12-2017,106.2300033569336,107.47000122070312,4040000,107.47000122070312,106.69999694824219,80.91207122802734
08-12-2017,105.5,106.51000213623047,4611900,106.68000030517578,106.58999633789062,80.82865142822266
11-12-2017,105.80000305175781,106.5999984741211,3049000,106.5999984741211,106.04000091552734,80.41157531738281
12-12-2017,105.87000274658203,106.2300033569336,4428300,107.9800033569336,107.30000305175781,81.36707305908203
13-12-2017,106.9800033569336,107.08999633789062,5898400,108.66999816894531,108.23999786376953,82.07987976074219
14-12-2017,107.23999786376953,108.0199966430664,4648300,108.5199966430664,107.68000030517578,81.65522003173828
15-12-2017,108.43000030517578,108.43000030517578,11082900,110.2699966430664,109.68000030517578,83.17185974121094
18-12-2017,107.80000305175781,109.76000213623047,4541600,110.12999725341797,107.97000122070312,81.87512969970703
19-12-2017,108.02999877929688,108.44000244140625,4371700,108.81999969482422,108.12000274658203,81.98887634277344
20-12-2017,103.56999969482422,106.0,7359900,106.0,104.37000274658203,79.93628692626953
21-12-2017,104.47000122070312,104.5,3831000,105.30999755859375,104.77999877929688,80.25031280517578
22-12-2017,104.5199966430664,104.83000183105469,2496200,105.44999694824219,104.6500015258789,80.1507339477539
26-12-2017,103.7699966430664,104.77999877929688,2311500,104.83000183105469,104.11000061035156,79.73715209960938
27-12-2017,104.25,104.55000305175781,2012900,105.01000213623047,104.70999908447266,80.1966781616211
28-12-2017,104.08000183105469,104.9000015258789,2376700,104.9000015258789,104.80999755859375,80.2732925415039
29-12-2017,105.0,105.08000183105469,4248300,106.5199966430664,105.6500015258789,80.9166259765625
02-01-2018,104.16000366210938,105.81999969482422,5126800,106.16999816894531,104.38999938964844,79.95159912109375
03-01-2018,103.8499984741211,104.36000061035156,3589600,104.86000061035156,104.26000213623047,79.85204315185547
04-01-2018,103.47000122070312,104.23999786376953,4170100,104.48999786376953,103.47000122070312,79.24698638916016
05-01-2018,103.2699966430664,103.2699966430664,4641400,104.5999984741211,104.30000305175781,79.8826675415039
08-01-2018,103.8499984741211,103.9800033569336,4911600,104.66999816894531,104.13999938964844,79.76014709472656
09-01-2018,104.23999786376953,104.75,3939200,105.44000244140625,104.88999938964844,80.33454132080078
10-01-2018,103.87999725341797,105.0199966430664,3696500,106.04000091552734,105.62999725341797,80.90129089355469
11-01-2018,104.41000366210938,106.31999969482422,4109300,106.62000274658203,104.86000061035156,80.31157684326172
12-01-2018,103.91000366210938,105.56999969482422,5513700,105.63999938964844,104.5,80.03585052490234
16-01-2018,103.7699966430664,104.55000305175781,5855600,104.9800033569336,104.87000274658203,80.3192367553711
17-01-2018,105.08000183105469,105.08000183105469,4009400,106.25,105.79000091552734,81.02384948730469
18-01-2018,104.80000305175781,105.45999908447266,4134600,105.70999908447266,105.06999969482422,80.47242736816406
19-01-2018,105.54000091552734,105.58000183105469,5818900,109.11000061035156,108.91999816894531,83.42109680175781
22-01-2018,108.45999908447266,109.1500015258789,4762300,109.68000030517578,108.80999755859375,83.33685302734375
23-01-2018,108.4000015258789,108.5,3778100,109.77999877929688,109.52999877929688,83.88827514648438
24-01-2018,109.55999755859375,109.55999755859375,4404100,110.88999938964844,110.5999984741211,84.7077865600586
25-01-2018,103.0199966430664,110.43000030517578,11823700,111.25,107.48999786376953,82.32586669921875
26-01-2018,107.30999755859375,107.36000061035156,6000700,110.45999908447266,110.19000244140625,84.3937759399414
29-01-2018,108.41000366210938,109.62999725341797,3952500,109.69999694824219,108.61000061035156,83.1836929321289
30-01-2018,107.75,108.19999694824219,4069700,109.37000274658203,107.94000244140625,82.67052459716797
31-01-2018,106.73999786376953,108.2300033569336,5041600,108.47000122070312,107.2300033569336,82.12673950195312
01-02-2018,104.93000030517578,107.04000091552734,7612900,107.58000183105469,105.16999816894531,80.54900360107422
02-02-2018,103.19000244140625,105.0,6421800,105.52999877929688,103.44000244140625,79.22401428222656
05-02-2018,98.51000213623047,102.93000030517578,7901200,103.4800033569336,98.69000244140625,75.58601379394531
06-02-2018,96.66000366210938,97.30999755859375,9591600,100.63999938964844,100.33000183105469,76.84207916259766
07-02-2018,98.5,99.9000015258789,5916800,101.61000061035156,98.87999725341797,75.73152923583984
08-02-2018,99.0,99.5199966430664,11214300,102.37999725341797,100.38999938964844,76.88804626464844
09-02-2018,98.55000305175781,100.9000015258789,9899900,101.5999984741211,99.94000244140625,76.54338073730469
12-02-2018,99.79000091552734,100.2699966430664,6468900,103.06999969482422,102.4000015258789,78.427490234375
13-02-2018,100.9800033569336,101.73999786376953,5182300,103.16000366210938,103.05000305175781,78.92530822753906
14-02-2018,101.73999786376953,102.75,4253800,103.5,102.54000091552734,78.53470611572266
15-02-2018,102.05999755859375,102.55999755859375,4361100,103.70999908447266,103.69000244140625,79.41547393798828
16-02-2018,103.05000305175781,103.30999755859375,5209400,105.12999725341797,104.30999755859375,79.89031982421875
20-02-2018,102.33000183105469,103.69999694824219,3974900,103.88999938964844,102.8499984741211,78.77212524414062
21-02-2018,102.9800033569336,103.0999984741211,5661100,105.05000305175781,103.72000122070312,79.4384536743164
22-02-2018,102.88999938964844,103.66000366210938,4072900,105.51000213623047,102.9800033569336,78.8716812133789
23-02-2018,103.43000030517578,103.6500015258789,4824700,106.36000061035156,106.11000061035156,81.26895141601562
26-02-2018,105.18000030517578,106.2300033569336,5654700,106.79000091552734,106.68000030517578,81.70549774169922
27-02-2018,104.08000183105469,106.38999938964844,4414500,106.47000122070312,104.08000183105469,79.71416473388672
28-02-2018,103.5,105.4000015258789,5346000,105.62999725341797,103.55000305175781,79.30825805664062
01-03-2018,102.93000030517578,103.66999816894531,6683300,105.05000305175781,104.68000030517578,80.1737060546875
02-03-2018,104.30999755859375,104.30999755859375,6229100,107.08000183105469,106.80999755859375,81.80506134033203
05-03-2018,105.7699966430664,106.04000091552734,5557500,107.83999633789062,107.69999694824219,82.48670196533203
06-03-2018,106.62000274658203,107.76000213623047,6041000,108.0,107.9800033569336,82.701171875
07-03-2018,106.33000183105469,106.97000122070312,3271400,107.8499984741211,106.88999938964844,81.8663330078125
08-03-2018,106.94000244140625,107.16000366210938,4053800,109.05999755859375,109.0,83.48236083984375
09-03-2018,107.9800033569336,109.45999908447266,4398000,109.9000015258789,108.30000305175781,82.94624328613281
12-03-2018,107.13999938964844,107.98999786376953,5081300,108.56999969482422,107.13999938964844,82.05780792236328
13-03-2018,106.83000183105469,107.58000183105469,3847100,107.75,107.23999786376953,82.1343994140625
14-03-2018,105.36000061035156,107.51000213623047,3287300,107.75,105.61000061035156,80.88600158691406
15-03-2018,104.77999877929688,105.29000091552734,3620800,105.79000091552734,104.98999786376953,80.41111755371094
16-03-2018,103.16999816894531,105.0,8277000,105.80000305175781,103.45999908447266,79.23931884765625
19-03-2018,101.69999694824219,103.12999725341797,4968100,103.44999694824219,101.73999786376953,77.92198944091797
20-03-2018,100.12000274658203,101.87999725341797,5194600,102.18000030517578,100.2699966430664,76.7961196899414
21-03-2018,97.05999755859375,99.08000183105469,5917500,99.45999908447266,97.75,75.6736068725586
22-03-2018,97.30000305175781,97.55999755859375,9655800,99.25,97.66999816894531,75.6116714477539
23-03-2018,95.51000213623047,98.30000305175781,5709200,98.72000122070312,95.62999725341797,74.03238677978516
26-03-2018,95.9800033569336,96.48999786376953,5239200,97.11000061035156,96.3499984741211,74.58979034423828
27-03-2018,95.97000122070312,96.36000061035156,7207000,97.66999816894531,96.7300033569336,74.88397216796875
28-03-2018,97.22000122070312,97.44999694824219,7571000,100.18000030517578,99.79000091552734,77.25286865234375
29-03-2018,99.22000122070312,100.27999877929688,3489300,101.01000213623047,99.4000015258789,76.95096588134766
02-04-2018,97.30999755859375,99.58999633789062,4673600,99.93000030517578,97.54000091552734,75.51103210449219
03-04-2018,97.5,98.29000091552734,5735000,100.06999969482422,99.8499984741211,77.29932403564453
04-04-2018,98.9000015258789,99.19000244140625,5150600,101.36000061035156,100.91999816894531,78.12767028808594
05-04-2018,100.20999908447266,101.38999938964844,4507900,102.20999908447266,101.69999694824219,78.73151397705078
06-04-2018,100.54000091552734,101.62000274658203,5049200,102.41000366210938,101.0199966430664,78.20509338378906
09-04-2018,100.43000030517578,101.4800033569336,4198100,102.04000091552734,100.69999694824219,77.95735168457031
10-04-2018,100.5199966430664,101.25,2860100,101.77999877929688,101.0999984741211,78.26699829101562
11-04-2018,100.62999725341797,100.91000366210938,3623600,102.29000091552734,100.72000122070312,77.97283935546875
12-04-2018,100.02999877929688,101.33000183105469,3518500,101.93000030517578,100.25,77.60899353027344
13-04-2018,100.25,100.79000091552734,3985900,102.33000183105469,101.8499984741211,78.84761810302734
16-04-2018,101.7300033569336,102.26000213623047,3971200,103.3499984741211,102.94999694824219,79.6991958618164
17-04-2018,102.26000213623047,103.19999694824219,6145300,103.55000305175781,103.30000305175781,79.97015380859375
18-04-2018,100.5999984741211,102.88999938964844,5523700,103.11000061035156,101.44000244140625,78.53023529052734
19-04-2018,83.5,93.5199966430664,45570300,94.26000213623047,85.63999938964844,66.29859161376953
20-04-2018,83.81999969482422,85.70999908447266,17814200,86.30000305175781,84.2699966430664,65.23799133300781
23-04-2018,83.08999633789062,84.11000061035156,11783300,84.58999633789062,83.66999816894531,64.77349853515625
24-04-2018,80.63999938964844,83.1500015258789,13897700,83.58999633789062,82.48999786376953,63.85999298095703
25-04-2018,81.43000030517578,82.5999984741211,8361000,82.94000244140625,81.80999755859375,63.33357238769531
26-04-2018,80.47000122070312,82.22000122070312,9191300,82.30000305175781,81.48999786376953,63.08584976196289
27-04-2018,81.3499984741211,81.55999755859375,6591600,83.55000305175781,82.55999755859375,63.9141845703125
30-04-2018,81.87000274658203,82.75,6497600,83.30999755859375,82.0,63.48064422607422
01-05-2018,80.79000091552734,81.4000015258789,4553800,81.69999694824219,81.19999694824219,62.86134338378906
02-05-2018,79.83000183105469,81.0199966430664,6460700,81.18000030517578,80.0999984741211,62.0097770690918
03-05-2018,79.70999908447266,80.12000274658203,5784400,81.33999633789062,80.44000244140625,62.27298355102539
04-05-2018,80.5,80.54000091552734,5561200,82.51000213623047,81.87000274658203,63.380035400390625
07-05-2018,81.16000366210938,81.9000015258789,4519300,82.08000183105469,81.51000213623047,63.1013298034668
08-05-2018,80.31999969482422,81.33999633789062,5108500,81.38999938964844,80.80999755859375,62.559410095214844
09-05-2018,80.97000122070312,81.0,5021900,82.79000091552734,81.98999786376953,63.47291946411133
10-05-2018,81.9000015258789,81.94000244140625,4632600,83.04000091552734,83.0,64.25482940673828
11-05-2018,81.0199966430664,82.70999908447266,6557200,83.0199966430664,81.19999694824219,62.86134338378906
14-05-2018,80.7300033569336,81.25,5298300,81.72000122070312,80.86000061035156,62.59812927246094
15-05-2018,79.4000015258789,80.41999816894531,8023300,80.56999969482422,79.93000030517578,61.8781623840332
16-05-2018,80.23999786376953,80.38999938964844,6156800,81.33000183105469,80.88999938964844,62.62135696411133
17-05-2018,80.62000274658203,80.88999938964844,5713400,81.43000030517578,81.04000091552734,62.73747634887695
18-05-2018,80.44000244140625,81.26000213623047,5978600,81.30000305175781,80.75,62.51297378540039
21-05-2018,79.9800033569336,81.0,6153300,81.0999984741211,80.1500015258789,62.048492431640625
22-05-2018,79.62000274658203,80.25,6164800,80.30000305175781,79.87000274658203,61.83173370361328
23-05-2018,79.55000305175781,79.93000030517578,8199300,81.91999816894531,81.69999694824219,63.24842071533203
24-05-2018,80.8499984741211,81.5999984741211,5519500,81.77999877929688,81.61000061035156,63.17875289916992
25-05-2018,80.0999984741211,81.75,5010400,81.88999938964844,80.33999633789062,62.1955680847168
29-05-2018,78.87000274658203,79.80000305175781,9077000,80.18000030517578,79.2699966430664,61.367218017578125
30-05-2018,79.12000274658203,79.75,6157500,80.4800033569336,80.31999969482422,62.18007278442383
31-05-2018,78.61000061035156,80.29000091552734,9395500,80.31999969482422,79.54000091552734,61.57624816894531
01-06-2018,78.05000305175781,79.44999694824219,7733900,79.75,78.18000030517578,60.52340316772461
04-06-2018,77.77999877929688,78.08000183105469,5337000,78.93000030517578,78.41000366210938,60.70144271850586
05-06-2018,77.23999786376953,78.51000213623047,8503100,78.5999984741211,77.51000213623047,60.00469970703125
06-06-2018,76.20999908447266,77.55000305175781,10480800,77.61000061035156,76.8499984741211,59.4937629699707
07-06-2018,76.33000183105469,76.8499984741211,6367600,78.47000122070312,77.38999938964844,59.91181564331055
08-06-2018,78.2699966430664,78.2699966430664,7490000,79.66000366210938,79.41999816894531,61.48333740234375
11-06-2018,79.72000122070312,80.2699966430664,5194600,80.76000213623047,80.47000122070312,62.29620361328125
12-06-2018,79.36000061035156,80.26000213623047,5497900,80.48999786376953,80.31999969482422,62.18007278442383
13-06-2018,79.7699966430664,80.66999816894531,5726300,80.73999786376953,80.0999984741211,62.0097770690918
14-06-2018,79.91000366210938,80.20999908447266,6018200,81.08999633789062,80.8499984741211,62.59038543701172
15-06-2018,80.37999725341797,80.54000091552734,13314100,82.13999938964844,81.87999725341797,63.38776397705078
18-06-2018,79.20999908447266,81.5,6334900,81.5,80.02999877929688,61.955570220947266
19-06-2018,80.02999877929688,80.02999877929688,7467400,81.62000274658203,80.83999633789062,62.58264923095703
20-06-2018,80.5999984741211,80.79000091552734,6627800,81.91000366210938,81.75,63.287132263183594
21-06-2018,79.2699966430664,79.5999984741211,6049600,80.02999877929688,79.47000122070312,62.39212417602539
22-06-2018,79.80000305175781,79.9000015258789,7007300,80.47000122070312,80.19000244140625,62.9573860168457
25-06-2018,79.37000274658203,79.4800033569336,4272200,80.16999816894531,79.97000122070312,62.784671783447266
26-06-2018,79.27999877929688,80.19999694824219,6640600,80.31999969482422,79.7699966430664,62.62763977050781
27-06-2018,79.19999694824219,79.80000305175781,6918700,80.81999969482422,79.9000015258789,62.729698181152344
28-06-2018,80.2699966430664,80.5,6613100,81.80000305175781,81.66000366210938,64.11149597167969
29-06-2018,80.66000366210938,81.93000030517578,4689000,81.9800033569336,80.73999786376953,63.38917922973633
02-07-2018,79.5,80.62000274658203,3956700,81.22000122070312,80.23999786376953,62.99663543701172
03-07-2018,80.2300033569336,80.8499984741211,3225200,81.23999786376953,81.12000274658203,63.68753433227539
05-07-2018,80.70999908447266,81.1500015258789,4165900,82.02999877929688,82.02999877929688,64.4019775390625
06-07-2018,82.01000213623047,82.25,4719600,83.23999786376953,82.26000213623047,64.5825424194336
09-07-2018,81.44999694824219,82.30000305175781,4366200,82.5999984741211,82.18000030517578,64.51974487304688
10-07-2018,81.83000183105469,82.44000244140625,3604100,82.72000122070312,82.66999816894531,64.90444946289062
11-07-2018,82.33000183105469,82.87999725341797,6191700,83.2699966430664,82.83999633789062,65.03791046142578
12-07-2018,82.86000061035156,83.11000061035156,5308600,84.0,83.19999694824219,65.32054138183594
13-07-2018,82.52999877929688,82.9000015258789,7517900,83.23999786376953,82.68000030517578,64.91230773925781
16-07-2018,81.55999755859375,82.69999694824219,6821400,82.73999786376953,81.91999816894531,64.31559753417969
17-07-2018,81.80000305175781,81.83000183105469,6050300,82.58999633789062,82.33000183105469,64.63752746582031
18-07-2018,81.8499984741211,82.5199966430664,6453600,82.93000030517578,82.1500015258789,64.49618530273438
19-07-2018,76.5199966430664,79.0,17196100,80.91999816894531,80.9000015258789,63.51481628417969
20-07-2018,80.05000305175781,80.0999984741211,11313100,84.43000030517578,84.30999755859375,66.1920166015625
23-07-2018,82.62999725341797,83.41999816894531,6369900,83.69999694824219,83.22000122070312,65.33625030517578
24-07-2018,82.87999725341797,83.18000030517578,6034100,84.16999816894531,83.55999755859375,65.60318756103516
25-07-2018,83.38999938964844,84.43000030517578,6212500,84.95999908447266,83.80999755859375,65.79945373535156
26-07-2018,83.55000305175781,84.2699966430664,5323000,85.36000061035156,84.45999908447266,66.30976867675781
27-07-2018,84.30000305175781,84.4800033569336,5202400,85.72000122070312,85.47000122070312,67.10272216796875
30-07-2018,85.55999755859375,85.63999938964844,5138200,86.62999725341797,86.62000274658203,68.00559997558594
31-07-2018,85.83999633789062,86.75,5934000,86.97000122070312,86.30000305175781,67.75437927246094
01-08-2018,85.44999694824219,86.02999877929688,4657400,86.2300033569336,85.54000091552734,67.15768432617188
02-08-2018,85.31999969482422,85.62000274658203,2781600,86.22000122070312,86.0,67.51883697509766
03-08-2018,85.6500015258789,86.05000305175781,3485100,87.44000244140625,86.83999633789062,68.17830657958984
06-08-2018,85.9800033569336,86.69000244140625,2770300,86.97000122070312,86.1500015258789,67.6365966796875
07-08-2018,85.30000305175781,86.5,3086600,86.5,85.52999877929688,67.14981842041016
08-08-2018,83.66000366210938,85.12000274658203,4319900,85.55999755859375,83.75,65.75233459472656
09-08-2018,83.72000122070312,83.79000091552734,2600500,84.58999633789062,84.4000015258789,66.2626724243164
10-08-2018,82.16999816894531,83.41000366210938,5087700,83.4800033569336,82.55999755859375,64.81806182861328
13-08-2018,81.26000213623047,82.23999786376953,4733500,82.43000030517578,81.86000061035156,64.2685317993164
14-08-2018,81.80999755859375,81.93000030517578,4281600,82.62000274658203,82.30999755859375,64.6218032836914
15-08-2018,81.58999633789062,81.98999786376953,4767800,83.5199966430664,83.41000366210938,65.48540496826172
16-08-2018,83.44000244140625,83.7300033569336,3953800,84.73999786376953,84.68000030517578,66.48250579833984
17-08-2018,84.37000274658203,84.37000274658203,4124100,85.2699966430664,85.05000305175781,66.77298736572266
20-08-2018,84.20999908447266,85.23999786376953,2854500,85.27999877929688,84.58000183105469,66.40399169921875
21-08-2018,82.93000030517578,84.29000091552734,4993600,84.3499984741211,83.52999877929688,65.57963562011719
22-08-2018,82.2300033569336,83.45999908447266,4210700,83.62000274658203,82.43000030517578,64.71602630615234
23-08-2018,81.87000274658203,82.41999816894531,4094500,82.56999969482422,82.31999969482422,64.62964630126953
24-08-2018,79.41999816894531,80.69999694824219,9451700,81.2300033569336,79.69000244140625,62.564842224121094
27-08-2018,79.80999755859375,80.0,6102200,80.6500015258789,80.26000213623047,63.01233673095703
28-08-2018,79.12999725341797,79.94000244140625,6437900,80.16000366210938,79.5,62.4156608581543
29-08-2018,78.83999633789062,79.68000030517578,5499600,79.70999908447266,79.05999755859375,62.07020568847656
30-08-2018,78.19999694824219,78.61000061035156,6338100,78.69999694824219,78.56999969482422,61.68552017211914
31-08-2018,77.4800033569336,78.33000183105469,7001100,78.73999786376953,77.88999938964844,61.15165328979492
04-09-2018,77.31999969482422,78.0,5932300,78.16999816894531,77.63999938964844,60.95538330078125
05-09-2018,77.27999877929688,77.45999908447266,6004000,78.94999694824219,78.79000091552734,61.858245849609375
06-09-2018,78.16999816894531,78.7300033569336,4687200,79.11000061035156,78.62000274658203,61.72477340698242
07-09-2018,78.12000274658203,78.41999816894531,4986900,78.88999938964844,78.5999984741211,61.709068298339844
10-09-2018,78.33000183105469,79.05999755859375,3773000,79.83999633789062,78.37999725341797,61.536346435546875
11-09-2018,77.16999816894531,78.13999938964844,4306800,78.41000366210938,77.44999694824219,60.80620193481445
12-09-2018,77.3499984741211,77.76000213623047,9206100,81.56999969482422,80.05000305175781,62.84747314453125
13-09-2018,79.06999969482422,80.45999908447266,4132700,80.58999633789062,79.77999877929688,62.6355094909668
14-09-2018,78.5999984741211,79.94999694824219,3353600,80.0,79.33000183105469,62.282203674316406
17-09-2018,79.11000061035156,79.54000091552734,4276700,80.48999786376953,80.30000305175781,63.04375457763672
18-09-2018,79.58000183105469,80.5,4255700,80.94999694824219,80.33000183105469,63.06731033325195
19-09-2018,80.02999877929688,80.12000274658203,4147900,81.0999984741211,80.91000366210938,63.522674560546875
20-09-2018,80.88999938964844,80.95999908447266,5431500,82.75,82.55000305175781,64.81021881103516
21-09-2018,82.01000213623047,82.94000244140625,12837800,83.86000061035156,83.75,65.75233459472656
24-09-2018,80.8499984741211,83.51000213623047,7696700,83.75,81.61000061035156,64.07222747802734
25-09-2018,79.83000183105469,80.61000061035156,4876300,81.2300033569336,79.91000366210938,63.62633514404297
26-09-2018,79.94999694824219,80.12999725341797,5867400,81.2300033569336,80.5,64.09613037109375
27-09-2018,80.72000122070312,81.12999725341797,4945700,82.31999969482422,81.51000213623047,64.90031433105469
28-09-2018,81.06999969482422,81.54000091552734,5286200,82.29000091552734,81.54000091552734,64.92417907714844
01-10-2018,80.44999694824219,81.41000366210938,3718300,81.91000366210938,81.81999969482422,65.14713287353516
02-10-2018,81.98999786376953,82.01000213623047,5404700,83.5199966430664,83.5199966430664,66.50072479248047
03-10-2018,82.54000091552734,83.55999755859375,5948600,83.98999786376953,82.91000366210938,66.01502227783203
04-10-2018,82.05000305175781,82.26000213623047,5888000,83.8499984741211,83.81999969482422,66.73959350585938
05-10-2018,83.5999984741211,83.93000030517578,5448500,84.4000015258789,84.0999984741211,66.96253204345703
08-10-2018,84.0999984741211,84.0999984741211,6380300,85.30999755859375,84.88999938964844,67.59153747558594
09-10-2018,84.62999725341797,85.06999969482422,5369100,85.4800033569336,84.62999725341797,67.38452911376953
10-10-2018,84.02999877929688,84.75,6532300,86.22000122070312,84.62000274658203,67.37657928466797
11-10-2018,81.44999694824219,84.62000274658203,9617400,85.0,82.30999755859375,65.53727722167969
12-10-2018,80.79000091552734,82.05999755859375,6419600,82.47000122070312,82.30999755859375,65.53727722167969
15-10-2018,82.2699966430664,82.36000061035156,4556500,84.86000061035156,83.48999786376953,66.4768295288086
16-10-2018,81.81999969482422,82.6500015258789,4232800,83.77999877929688,83.5,66.48477935791016
17-10-2018,83.0199966430664,83.4800033569336,5048700,85.12000274658203,84.55999755859375,67.32878875732422
18-10-2018,85.6500015258789,86.01000213623047,11167400,89.33999633789062,87.5199966430664,69.68560791015625
19-10-2018,88.08999633789062,88.33000183105469,6814600,89.01000213623047,88.83000183105469,70.72866821289062
22-10-2018,87.12999725341797,89.08999633789062,5273200,89.69999694824219,87.51000213623047,69.67767333984375
23-10-2018,87.62000274658203,87.6500015258789,7462200,89.27999877929688,88.5,70.4659194946289
24-10-2018,87.91000366210938,88.70999908447266,7649000,90.19000244140625,89.19999694824219,71.02327728271484
25-10-2018,87.88999938964844,88.94000244140625,6933700,91.18000030517578,90.62999725341797,72.16188049316406
26-10-2018,88.38999938964844,90.37999725341797,7656700,91.20999908447266,89.0,70.86404418945312
29-10-2018,88.86000061035156,89.25,8138800,90.66999816894531,90.45999908447266,72.02652740478516
30-10-2018,89.87000274658203,91.19999694824219,6472300,92.69000244140625,90.47000122070312,72.03448486328125
31-10-2018,87.51000213623047,90.04000091552734,9509300,90.23999786376953,88.06999969482422,70.12355041503906
01-11-2018,87.3499984741211,88.33000183105469,5630400,89.12999725341797,88.3499984741211,70.34649658203125
02-11-2018,87.06999969482422,88.18000030517578,5850200,88.79000091552734,88.75,70.66498565673828
05-11-2018,88.6500015258789,88.69000244140625,4633400,90.12999725341797,89.55000305175781,71.30195617675781
06-11-2018,88.38999938964844,88.76000213623047,6557200,89.43000030517578,88.7699966430664,70.68089294433594
07-11-2018,88.08000183105469,89.27999877929688,5779300,89.72000122070312,89.06999969482422,70.91976928710938
08-11-2018,88.5,88.80000305175781,3600800,89.91999816894531,89.4800033569336,71.24622344970703
09-11-2018,89.0199966430664,90.13999938964844,5182700,90.87999725341797,89.18000030517578,71.00735473632812
12-11-2018,87.38999938964844,88.06999969482422,5233400,88.7699966430664,87.95999908447266,70.03595733642578
13-11-2018,86.30999755859375,87.61000061035156,7054500,88.5,86.4000015258789,68.79385375976562
14-11-2018,85.19000244140625,87.05000305175781,6219100,87.05000305175781,85.5,68.0772476196289
15-11-2018,84.38999938964844,84.81999969482422,6377800,85.83999633789062,85.83000183105469,68.33999633789062
16-11-2018,85.52999877929688,85.69999694824219,5196700,86.44999694824219,86.33000183105469,68.73811340332031
19-11-2018,86.30000305175781,86.91999816894531,5402600,87.66999816894531,87.62999725341797,69.77318572998047
20-11-2018,86.54000091552734,88.31999969482422,4949200,88.97000122070312,86.55000305175781,68.91329193115234
21-11-2018,83.62000274658203,86.41999816894531,5915700,86.41999816894531,83.94999694824219,66.84309387207031
23-11-2018,83.05000305175781,83.05000305175781,2521100,84.6500015258789,84.05000305175781,66.92271423339844
26-11-2018,82.83000183105469,84.05000305175781,4347600,84.23999786376953,83.83999633789062,66.75552368164062
27-11-2018,84.01000213623047,84.19999694824219,4975900,85.2699966430664,85.05000305175781,67.71894836425781
28-11-2018,84.75,85.05000305175781,4754800,86.5,86.38999938964844,68.78588104248047
29-11-2018,86.2699966430664,86.5,4269300,87.13999938964844,86.95999908447266,69.23971557617188
30-11-2018,86.0199966430664,87.22000122070312,5651600,87.37000274658203,86.52999877929688,68.89735412597656
03-12-2018,85.02999877929688,86.52999877929688,6580600,87.13999938964844,87.08000183105469,69.33528900146484
04-12-2018,85.2300033569336,87.41000366210938,5325100,88.5199966430664,85.43000030517578,68.02149200439453
06-12-2018,83.69000244140625,85.52999877929688,6413000,85.69999694824219,85.29000091552734,67.91004180908203
07-12-2018,84.16999816894531,85.0,4780800,85.75,84.55999755859375,67.32878875732422
10-12-2018,83.27999877929688,85.12999725341797,5431900,85.22000122070312,84.22000122070312,67.05806732177734
11-12-2018,83.68000030517578,84.6500015258789,4989000,85.54000091552734,84.33000183105469,67.14564514160156
12-12-2018,83.7300033569336,85.41000366210938,7762200,85.79000091552734,83.81999969482422,66.73959350585938
13-12-2018,83.55999755859375,83.58999633789062,3992800,84.87999725341797,84.33999633789062,67.15361785888672
14-12-2018,82.16999816894531,83.88999938964844,5676800,83.93000030517578,82.5,65.68856048583984
17-12-2018,80.95999908447266,82.62999725341797,8359500,82.77999877929688,81.4000015258789,64.8127212524414
18-12-2018,75.13999938964844,80.05999755859375,13641300,80.33000183105469,75.16999816894531,59.852237701416016
19-12-2018,71.61000061035156,74.75,13595400,74.7699966430664,72.04000091552734,58.243343353271484
20-12-2018,68.73999786376953,71.48999786376953,19218400,71.5,69.08000183105469,55.8502311706543
21-12-2018,66.11000061035156,68.94999694824219,21310100,71.3499984741211,66.20999908447266,53.529869079589844
24-12-2018,65.70999908447266,66.43000030517578,6647000,67.04000091552734,65.97000122070312,53.33584213256836
26-12-2018,64.75,66.05000305175781,9326100,66.87000274658203,66.86000061035156,54.055397033691406
27-12-2018,64.66999816894531,66.4800033569336,11009700,66.98999786376953,66.68000030517578,53.90987014770508
28-12-2018,66.9000015258789,67.6500015258789,8260000,69.08000183105469,67.2699966430664,54.38685989379883
31-12-2018,65.69000244140625,66.97000122070312,6663800,67.33000183105469,66.76000213623047,53.97454071044922
02-01-2019,65.73999786376953,66.12999725341797,6471200,67.7699966430664,67.30999755859375,54.41920852661133
03-01-2019,66.29000091552734,67.0199966430664,6178200,68.26000213623047,66.44000244140625,53.71582794189453
04-01-2019,66.94999694824219,67.02999877929688,7220700,69.56999969482422,69.55000305175781,56.2302131652832
07-01-2019,67.33999633789062,69.19000244140625,7807200,69.30000305175781,67.41999816894531,54.508140563964844
08-01-2019,67.51000213623047,67.68000030517578,7257700,68.27999877929688,67.87000274658203,54.87196350097656
09-01-2019,67.80000305175781,68.25,5924000,68.70999908447266,67.91000366210938,54.90430450439453
10-01-2019,67.97000122070312,68.18000030517578,8988200,68.72000122070312,68.1500015258789,55.09833908081055
11-01-2019,67.83000183105469,68.45999908447266,7150400,69.5199966430664,69.5,56.189796447753906
14-01-2019,68.98999786376953,69.23999786376953,8408700,69.91999816894531,69.62000274658203,56.28681182861328
15-01-2019,69.19999694824219,69.3499984741211,6639200,70.66000366210938,70.5,56.9982795715332
16-01-2019,69.36000061035156,70.4000015258789,7360400,71.05000305175781,70.75,57.20039749145508
17-01-2019,70.30999755859375,70.61000061035156,7974500,72.75,72.5199966430664,58.63142013549805
18-01-2019,72.66000366210938,73.26000213623047,8715800,74.19000244140625,73.79000091552734,59.658203125
22-01-2019,71.8499984741211,73.36000061035156,10288300,73.86000061035156,72.80999755859375,58.86588668823242
23-01-2019,72.75,73.16999816894531,6260800,74.16000366210938,74.0,59.82797622680664
24-01-2019,70.30999755859375,73.55000305175781,13249600,73.81999969482422,71.55000305175781,57.84719467163086
25-01-2019,71.94000244140625,72.08000183105469,5211600,73.5199966430664,72.7300033569336,58.801204681396484
28-01-2019,72.13999938964844,72.61000061035156,6605300,74.5,74.3499984741211,60.110965728759766
29-01-2019,74.04000091552734,74.44999694824219,4798100,75.18000030517578,74.41000366210938,60.159454345703125
30-01-2019,74.36000061035156,74.8499984741211,6093700,75.30999755859375,74.4800033569336,60.21605682373047
31-01-2019,74.33000183105469,74.80000305175781,8512400,77.0999984741211,76.72000122070312,62.027069091796875
01-02-2019,75.33000183105469,77.02999877929688,7805500,77.05000305175781,75.7300033569336,61.2266731262207
04-02-2019,75.26000213623047,75.51000213623047,5362200,76.19000244140625,76.05000305175781,61.48538589477539
05-02-2019,75.5999984741211,76.01000213623047,4760000,76.25,75.80999755859375,61.291351318359375
06-02-2019,75.33999633789062,75.54000091552734,4993800,76.11000061035156,75.51000213623047,61.04881286621094
07-02-2019,75.7699966430664,77.76000213623047,6972400,78.62000274658203,76.7300033569336,62.0351448059082
08-02-2019,76.4000015258789,76.98999786376953,12070200,80.0199966430664,79.9800033569336,64.66273498535156
11-02-2019,78.91999816894531,79.55999755859375,7012000,80.02999877929688,79.05000305175781,63.91082763671875
12-02-2019,78.97000122070312,79.19999694824219,6144800,80.86000061035156,80.5999984741211,65.16399383544922
13-02-2019,80.55000305175781,80.95999908447266,5248700,81.33000183105469,81.30000305175781,65.72993469238281
14-02-2019,81.0199966430664,81.11000061035156,5625500,82.5,81.8499984741211,66.17459869384766
15-02-2019,82.19999694824219,82.80000305175781,6435100,83.55999755859375,83.45999908447266,67.47625732421875
19-02-2019,82.62999725341797,83.52999877929688,5307100,83.69999694824219,83.38999938964844,67.41966247558594
20-02-2019,83.38999938964844,83.4800033569336,5633000,85.77999877929688,85.04000091552734,68.75366973876953
21-02-2019,84.52999877929688,85.05000305175781,5887200,85.81999969482422,85.58000183105469,69.19025421142578
22-02-2019,85.16000366210938,85.4800033569336,4317800,87.25,87.1500015258789,70.45957946777344
25-02-2019,86.56999969482422,87.41000366210938,5020100,87.69999694824219,86.5999984741211,70.0149154663086
26-02-2019,86.19999694824219,86.30999755859375,4756200,87.47000122070312,86.51000213623047,69.94215393066406
27-02-2019,86.7300033569336,87.27999877929688,4669900,87.5999984741211,87.2699966430664,70.55659484863281
28-02-2019,86.76000213623047,87.2699966430664,4290100,87.54000091552734,86.94000244140625,70.289794921875
01-03-2019,86.75,87.41999816894531,4379100,87.69999694824219,87.51000213623047,70.75064086914062
04-03-2019,86.66000366210938,87.80000305175781,3711700,88.0,87.27999877929688,70.56468200683594
05-03-2019,86.54000091552734,86.81999969482422,5547100,87.68000030517578,86.9800033569336,70.32213592529297
06-03-2019,86.37999725341797,86.9800033569336,4938400,87.37999725341797,87.0199966430664,70.35447692871094
07-03-2019,86.38999938964844,87.06999969482422,4802400,87.13999938964844,86.97000122070312,70.3140640258789
08-03-2019,86.76000213623047,86.91000366210938,3865500,87.97000122070312,87.44999694824219,70.7021255493164
11-03-2019,87.61000061035156,87.61000061035156,6022500,89.5,89.23999786376953,72.1493148803711
12-03-2019,88.4800033569336,89.5,5669800,90.2699966430664,88.80000305175781,71.79359436035156
13-03-2019,88.58000183105469,88.88999938964844,4468900,89.79000091552734,89.5,72.35952758789062
14-03-2019,88.95999908447266,89.12999725341797,4534700,89.91000366210938,89.79000091552734,72.5939712524414
15-03-2019,89.4000015258789,89.55999755859375,12348400,91.31999969482422,90.8499984741211,73.45097351074219
18-03-2019,90.55999755859375,91.23999786376953,5948500,91.30000305175781,90.7300033569336,73.35395812988281
19-03-2019,90.1500015258789,90.7300033569336,6075400,91.55000305175781,90.5,73.16800689697266
20-03-2019,89.86000061035156,90.30000305175781,5253800,91.0199966430664,90.73999786376953,73.36204528808594
21-03-2019,90.2300033569336,90.33999633789062,4262600,92.01000213623047,91.91000366210938,74.30797576904297
22-03-2019,91.12999725341797,91.66999816894531,5980000,92.73999786376953,91.16999816894531,73.70970153808594
25-03-2019,88.16999816894531,89.52999877929688,7938800,89.79000091552734,88.2699966430664,72.26873779296875
26-03-2019,88.27999877929688,88.61000061035156,5925700,89.44000244140625,88.58999633789062,72.53072357177734
27-03-2019,85.94999694824219,88.2699966430664,6483200,88.61000061035156,87.02999877929688,71.25350952148438
28-03-2019,86.88999938964844,87.0,5840000,87.9800033569336,87.27999877929688,71.45820617675781
29-03-2019,87.08000183105469,87.4800033569336,6314000,88.51000213623047,88.38999938964844,72.36698150634766
01-04-2019,87.94000244140625,88.37999725341797,4249600,88.83000183105469,88.19999694824219,72.21141052246094
02-04-2019,87.73999786376953,88.6500015258789,3995200,89.08999633789062,88.01000213623047,72.05587005615234
03-04-2019,85.18000030517578,87.54000091552734,7323500,87.86000061035156,85.80999755859375,70.25468444824219
04-04-2019,85.94999694824219,86.08999633789062,4672800,86.69999694824219,86.06999969482422,70.46754455566406
05-04-2019,84.91000366210938,86.11000061035156,5495000,86.25,85.44000244140625,69.9517593383789
08-04-2019,84.95999908447266,85.7699966430664,4439100,85.83000183105469,85.30999755859375,69.84532928466797
09-04-2019,85.08999633789062,85.2300033569336,3898900,86.04000091552734,85.83999633789062,70.27923583984375
10-04-2019,85.41000366210938,85.5199966430664,2855400,86.04000091552734,85.70999908447266,70.17279815673828
11-04-2019,85.47000122070312,85.76000213623047,3893400,86.0,85.51000213623047,70.00906372070312
12-04-2019,85.3499984741211,86.0,4652900,86.04000091552734,85.7699966430664,70.22193145751953
15-04-2019,85.86000061035156,86.0999984741211,3491300,86.69000244140625,86.19000244140625,70.5657958984375
16-04-2019,85.83999633789062,86.23999786376953,4544800,86.66000366210938,86.20999908447266,70.58216857910156
17-04-2019,85.1500015258789,86.41999816894531,4675700,86.5,85.4800033569336,69.9844970703125
18-04-2019,82.62999725341797,85.63999938964844,7765400,87.44999694824219,84.48999786376953,69.17395782470703
22-04-2019,83.91000366210938,84.13999938964844,3530300,85.38999938964844,84.29000091552734,69.01021575927734
23-04-2019,83.91999816894531,84.4000015258789,6397600,85.06999969482422,84.91000366210938,69.5178451538086
24-04-2019,83.16999816894531,84.7300033569336,4716500,84.83000183105469,84.44999694824219,69.1412124633789
25-04-2019,82.44999694824219,83.44999694824219,5241400,83.9000015258789,83.58999633789062,68.4371109008789
26-04-2019,83.88999938964844,83.94000244140625,3930300,85.12999725341797,84.76000213623047,69.39502716064453
29-04-2019,84.38999938964844,84.66999816894531,4416700,85.30000305175781,84.9000015258789,69.50963592529297
30-04-2019,84.56999969482422,84.83000183105469,5640300,87.52999877929688,86.55999755859375,70.86872863769531
01-05-2019,85.68000030517578,87.05000305175781,3655700,87.12999725341797,85.77999877929688,70.23011779785156
02-05-2019,84.70999908447266,85.41999816894531,2852800,86.7300033569336,84.91999816894531,69.52600860595703
03-05-2019,84.91999816894531,85.51000213623047,2738800,85.94999694824219,85.69999694824219,70.16461181640625
06-05-2019,84.45999908447266,85.22000122070312,3307900,85.88999938964844,85.12000274658203,69.68977355957031
07-05-2019,83.02999877929688,84.61000061035156,4804400,84.83999633789062,84.43000030517578,69.12483215332031
08-05-2019,83.36000061035156,84.22000122070312,3224000,84.55000305175781,83.80999755859375,68.61724090576172
09-05-2019,82.66999816894531,83.37999725341797,3503200,84.2300033569336,83.93000030517578,68.71549224853516
10-05-2019,82.5999984741211,83.44000244140625,3318400,84.80999755859375,84.54000091552734,69.21489715576172
13-05-2019,83.12999725341797,83.8499984741211,2491200,83.87999725341797,83.69999694824219,68.52718353271484
14-05-2019,83.06999969482422,83.29000091552734,3157100,85.26000213623047,84.08999633789062,68.84646606445312
15-05-2019,83.51000213623047,83.73999786376953,3223700,85.58000183105469,85.33999633789062,69.86988067626953
16-05-2019,84.94000244140625,85.3499984741211,2928000,86.08999633789062,85.51000213623047,70.00906372070312
17-05-2019,84.87999725341797,85.73999786376953,3886200,87.19999694824219,86.80999755859375,71.07340240478516
20-05-2019,85.72000122070312,86.56999969482422,3131300,87.56999969482422,86.2300033569336,70.5985336303711
21-05-2019,85.62999725341797,86.44999694824219,3165300,86.69999694824219,85.76000213623047,70.2137451171875
22-05-2019,84.7300033569336,85.37000274658203,2886000,85.95999908447266,85.48999786376953,69.99269104003906
23-05-2019,85.36000061035156,85.48999786376953,2814700,86.27999877929688,86.23999786376953,70.60671997070312
24-05-2019,83.83000183105469,86.22000122070312,3283900,86.22000122070312,84.63999938964844,69.29678344726562
28-05-2019,80.91999816894531,84.0199966430664,8499900,84.0199966430664,81.55000305175781,66.76692199707031
29-05-2019,80.69999694824219,80.73999786376953,4282100,81.72000122070312,81.13999938964844,66.43122863769531
30-05-2019,79.3499984741211,81.31999969482422,3827700,81.55999755859375,79.5999984741211,65.17040252685547
31-05-2019,76.98999786376953,79.30999755859375,6420800,79.86000061035156,77.12999725341797,63.148162841796875
03-06-2019,76.87000274658203,77.51000213623047,5160200,78.63999938964844,78.61000061035156,64.35987091064453
04-06-2019,78.16999816894531,79.1500015258789,3850900,79.48999786376953,78.5,64.26981353759766
05-06-2019,76.6500015258789,78.94999694824219,5201800,79.0,77.25,63.24640655517578
06-06-2019,77.11000061035156,77.55000305175781,4730500,78.68000030517578,77.19999694824219,63.205482482910156
07-06-2019,77.56999969482422,77.81999969482422,4590000,78.7699966430664,78.16999816894531,63.9996337890625
10-06-2019,76.63999938964844,78.1500015258789,4617000,78.38999938964844,76.95999908447266,63.00898361206055
11-06-2019,77.0,77.16999816894531,4607100,78.55000305175781,78.13999938964844,63.975059509277344
12-06-2019,77.0,77.73999786376953,3147000,78.41000366210938,77.20999908447266,63.213653564453125
13-06-2019,77.06999969482422,77.27999877929688,3555700,77.77999877929688,77.58999633789062,63.5247688293457
14-06-2019,77.04000091552734,77.80000305175781,5521300,78.37000274658203,77.19999694824219,63.205482482910156
17-06-2019,76.91999816894531,77.01000213623047,4917100,78.62999725341797,77.98999786376953,63.852256774902344
18-06-2019,76.23999786376953,78.26000213623047,5186100,78.36000061035156,77.11000061035156,63.131778717041016
19-06-2019,76.08000183105469,77.58000183105469,5512300,77.5999984741211,76.6500015258789,62.75516128540039
20-06-2019,75.58000183105469,76.12999725341797,7404800,77.41999816894531,77.18000030517578,64.14308166503906
21-06-2019,76.37999725341797,77.25,17187700,79.22000122070312,79.22000122070312,65.83848571777344
24-06-2019,77.69999694824219,78.5999984741211,6912100,79.36000061035156,77.83000183105469,64.68328857421875
25-06-2019,77.41999816894531,78.0,5568500,79.05000305175781,78.81999969482422,65.50606536865234
26-06-2019,77.19999694824219,78.9000015258789,6268500,78.9000015258789,77.37999725341797,64.30928802490234
27-06-2019,77.27999877929688,77.5,3951500,78.26000213623047,77.91999816894531,64.75807189941406
28-06-2019,77.6500015258789,78.22000122070312,8436200,78.56999969482422,78.52999877929688,65.26505279541016
01-07-2019,77.83000183105469,78.80000305175781,4227600,78.94999694824219,77.9800033569336,64.8079605102539
02-07-2019,77.95999908447266,78.36000061035156,4015200,79.81999969482422,79.75,66.27896118164062
03-07-2019,79.43000030517578,79.9800033569336,3860900,80.66000366210938,80.62999725341797,67.01033020019531
05-07-2019,78.45999908447266,80.3499984741211,3425200,80.41999816894531,80.12000274658203,66.58647155761719
08-07-2019,79.5199966430664,80.25,3203300,80.87000274658203,79.61000061035156,66.1626205444336
09-07-2019,78.94000244140625,79.63999938964844,3579300,80.20999908447266,79.44000244140625,66.02134704589844
10-07-2019,79.2699966430664,79.36000061035156,4297100,80.37999725341797,80.27999877929688,66.71942901611328
11-07-2019,80.11000061035156,80.43000030517578,4381000,81.77999877929688,81.26000213623047,67.53390502929688
12-07-2019,81.43000030517578,81.55000305175781,4257100,82.11000061035156,81.88999938964844,68.05747985839844
15-07-2019,81.08000183105469,82.0,5325300,82.19000244140625,81.47000122070312,67.70841979980469
16-07-2019,80.94999694824219,81.2699966430664,3071400,81.68000030517578,81.58000183105469,67.79986572265625
17-07-2019,80.8499984741211,81.5,2929600,81.94000244140625,81.05000305175781,67.35938262939453
18-07-2019,84.5,84.69999694824219,13397100,89.44999694824219,87.70999908447266,72.89440155029297
19-07-2019,87.86000061035156,88.36000061035156,7561700,89.9800033569336,88.7300033569336,73.74211120605469
22-07-2019,86.87999725341797,88.97000122070312,5366100,89.05000305175781,86.94999694824219,72.26276397705078
23-07-2019,86.16999816894531,87.4800033569336,4758400,87.58999633789062,86.75,72.0965576171875
24-07-2019,84.75,86.41999816894531,4316500,86.62999725341797,85.0199966430664,70.65877532958984
25-07-2019,84.75,85.2699966430664,3715600,86.29000091552734,85.62999725341797,71.16573333740234
26-07-2019,85.2300033569336,85.83999633789062,3348300,86.4800033569336,85.9800033569336,71.45662689208984
29-07-2019,85.83999633789062,86.29000091552734,4461400,87.02999877929688,86.76000213623047,72.10487365722656
30-07-2019,85.16999816894531,86.0199966430664,3952800,86.56999969482422,86.30000305175781,71.72257232666016
31-07-2019,82.18000030517578,85.94000244140625,6793000,86.4000015258789,83.61000061035156,69.4869384765625
01-08-2019,82.41000366210938,84.30000305175781,6385200,85.20999908447266,82.44999694824219,68.52289581298828
02-08-2019,81.87999725341797,82.69999694824219,6109100,84.55000305175781,84.16999816894531,69.95235443115234
05-08-2019,79.48999786376953,83.56999969482422,6849300,83.81999969482422,80.26000213623047,66.70281982421875
06-08-2019,80.55999755859375,81.12000274658203,6313100,81.6500015258789,81.31999969482422,67.58377075195312
07-08-2019,79.3499984741211,80.36000061035156,6434700,81.66000366210938,81.36000061035156,67.61701965332031
08-08-2019,81.30999755859375,81.43000030517578,3266600,82.72000122070312,82.4800033569336,68.5478286743164
09-08-2019,81.79000091552734,82.43000030517578,3068500,82.98999786376953,82.58999633789062,68.63924407958984
12-08-2019,81.72000122070312,82.44999694824219,2172500,83.04000091552734,82.37999725341797,68.46471405029297
13-08-2019,81.63999938964844,81.63999938964844,4476900,84.0999984741211,83.94999694824219,69.76951599121094
14-08-2019,83.0199966430664,83.51000213623047,6642500,83.7699966430664,83.33000183105469,69.2542495727539
15-08-2019,83.11000061035156,83.93000030517578,3980200,84.69000244140625,84.48999786376953,70.21829986572266
16-08-2019,84.66000366210938,84.7300033569336,3302500,85.51000213623047,84.91000366210938,70.56737518310547
19-08-2019,84.77999877929688,85.6500015258789,3108100,86.05000305175781,85.01000213623047,70.65045928955078
20-08-2019,82.29000091552734,84.91000366210938,3656000,84.9800033569336,83.0,68.97998046875
21-08-2019,82.08000183105469,83.41999816894531,3311100,83.5999984741211,83.05000305175781,69.02155303955078
22-08-2019,82.41999816894531,82.55000305175781,3681200,83.86000061035156,82.94999694824219,68.93843841552734
23-08-2019,80.66000366210938,82.79000091552734,4263800,83.3499984741211,81.22000122070312,67.50064849853516
26-08-2019,76.41000366210938,81.0,11518000,81.56999969482422,77.7300033569336,64.60018157958984
27-08-2019,69.2699966430664,75.0999984741211,41583100,75.4000015258789,71.69999694824219,59.58873748779297
28-08-2019,71.9000015258789,71.91999816894531,18953200,75.66999816894531,74.31999969482422,61.766178131103516
29-08-2019,71.61000061035156,75.27999877929688,13238200,75.6500015258789,72.72000122070312,60.43644332885742
30-08-2019,71.75,72.83000183105469,9045000,73.22000122070312,72.08999633789062,59.9128532409668
03-09-2019,71.11000061035156,72.0,4466900,72.79000091552734,72.66000366210938,60.3865966796875
04-09-2019,71.5199966430664,72.69000244140625,5386700,73.25,73.0199966430664,60.68576431274414
05-09-2019,71.87999725341797,73.4000015258789,6613400,73.41999816894531,71.94999694824219,59.796504974365234
06-09-2019,71.9800033569336,72.26000213623047,6130000,73.41999816894531,72.97000122070312,60.64420700073242
09-09-2019,72.41999816894531,73.0,5528100,73.38999938964844,73.30000305175781,60.91847229003906
10-09-2019,72.5,72.69999694824219,7401900,74.55999755859375,74.5,61.915775299072266
11-09-2019,74.12000274658203,74.54000091552734,8443100,75.4800033569336,75.06999969482422,62.38949203491211
12-09-2019,74.05000305175781,75.20999908447266,6242900,75.4000015258789,74.9000015258789,62.248207092285156
13-09-2019,73.0,74.30999755859375,10572800,74.77999877929688,73.05000305175781,60.71070098876953
16-09-2019,71.7699966430664,72.18000030517578,10547300,72.72000122070312,72.5999984741211,60.33671569824219
17-09-2019,71.87000274658203,73.44999694824219,7752700,73.45999908447266,72.0199966430664,59.85467529296875
18-09-2019,71.05999755859375,71.87000274658203,7359600,72.33000183105469,71.55999755859375,59.472389221191406
19-09-2019,71.0999984741211,71.5,8374200,72.19999694824219,71.70999908447266,59.5970458984375
20-09-2019,71.0,71.20999908447266,15987500,72.83000183105469,71.19999694824219,59.173194885253906
23-09-2019,70.56999969482422,71.0,6967500,72.7699966430664,72.0,59.838069915771484
24-09-2019,70.9000015258789,71.16000366210938,8846900,71.87999725341797,71.55999755859375,60.45478057861328
25-09-2019,75.08000183105469,76.93000030517578,20435300,77.87999725341797,75.27999877929688,63.59748458862305
26-09-2019,74.29000091552734,74.91000366210938,5954400,75.81999969482422,75.29000091552734,63.605918884277344
27-09-2019,74.6500015258789,75.16000366210938,4142900,75.6500015258789,75.12999725341797,63.470760345458984
30-09-2019,75.02999877929688,75.16000366210938,4908900,76.18000030517578,75.93000030517578,64.14661407470703
01-10-2019,76.05999755859375,76.20999908447266,7555000,77.98999786376953,77.83000183105469,65.75174713134766
02-10-2019,76.19000244140625,77.83000183105469,7000600,78.0999984741211,76.72000122070312,64.81401062011719
03-10-2019,75.80999755859375,76.30000305175781,3550900,77.25,76.7699966430664,64.85624694824219
04-10-2019,76.31999969482422,76.43000030517578,4381300,78.37000274658203,78.27999877929688,66.13191223144531
07-10-2019,77.16999816894531,78.0999984741211,5370900,78.37000274658203,77.16999816894531,65.19418334960938
08-10-2019,76.04000091552734,76.70999908447266,5773900,77.37999725341797,76.37000274658203,64.51832580566406
09-10-2019,76.58000183105469,76.91000366210938,3831200,77.5199966430664,77.44999694824219,65.43070983886719
10-10-2019,77.01000213623047,78.04000091552734,3885800,78.29000091552734,77.75,65.68417358398438
11-10-2019,77.1500015258789,78.4800033569336,6289000,78.62999725341797,77.94999694824219,65.85313415527344
14-10-2019,76.1500015258789,76.93000030517578,4137500,78.05000305175781,78.02999877929688,65.92072296142578
15-10-2019,77.61000061035156,78.05999755859375,4085900,78.3499984741211,78.31999969482422,66.16571044921875
16-10-2019,78.43000030517578,78.43000030517578,7488400,79.79000091552734,79.0999984741211,66.82466888427734
17-10-2019,77.91000366210938,80.30000305175781,8730300,80.41999816894531,79.8499984741211,67.4582748413086
18-10-2019,79.94999694824219,79.94999694824219,8444700,81.95999908447266,80.55000305175781,68.04964447021484
21-10-2019,80.30000305175781,80.33999633789062,4174900,81.9000015258789,81.80000305175781,69.10565185546875
22-10-2019,81.16999816894531,81.54000091552734,4396900,81.97000122070312,81.16999816894531,68.57343292236328
23-10-2019,81.18000030517578,81.33999633789062,3015300,82.12000274658203,81.77999877929688,69.08876037597656
24-10-2019,81.0199966430664,81.88999938964844,3665500,82.06999969482422,81.44999694824219,68.80998229980469
25-10-2019,80.55000305175781,80.8499984741211,3452600,82.12999725341797,81.9800033569336,69.25772094726562
28-10-2019,81.68000030517578,82.0,3537600,82.37999725341797,82.08999633789062,69.35066223144531
29-10-2019,81.2699966430664,81.54000091552734,3443300,82.44999694824219,81.8499984741211,69.14789581298828
30-10-2019,80.44999694824219,82.0199966430664,3644200,82.11000061035156,81.20999908447266,68.60722351074219
31-10-2019,80.58000183105469,81.5999984741211,4689400,82.02999877929688,81.44000244140625,68.80152893066406
01-11-2019,81.83000183105469,81.83000183105469,4291800,83.04000091552734,82.97000122070312,70.0940933227539
04-11-2019,82.43000030517578,82.69000244140625,4294100,83.9800033569336,83.44000244140625,70.49114990234375
05-11-2019,83.36000061035156,83.70999908447266,4820400,84.77999877929688,84.19999694824219,71.13320922851562
06-11-2019,83.54000091552734,84.3499984741211,4604700,84.69999694824219,83.69999694824219,70.71080017089844
07-11-2019,82.16999816894531,83.87000274658203,5217600,83.91000366210938,82.25,69.48582458496094
08-11-2019,81.7300033569336,82.19000244140625,5287600,83.66999816894531,83.56999969482422,70.60096740722656
11-11-2019,83.18000030517578,83.44999694824219,2992400,84.0999984741211,83.73999786376953,70.74458312988281
12-11-2019,83.48999786376953,83.72000122070312,3671200,84.5,84.45999908447266,71.35285186767578
13-11-2019,84.13999938964844,84.20999908447266,3671400,84.83999633789062,84.7300033569336,71.58094787597656
14-11-2019,83.54000091552734,84.69000244140625,2896700,84.69000244140625,83.63999938964844,70.66010284423828
15-11-2019,83.58999633789062,83.88999938964844,4611400,84.80000305175781,84.79000091552734,71.63165283203125
18-11-2019,84.56999969482422,85.0,3236800,85.31999969482422,84.79000091552734,71.63165283203125
19-11-2019,83.41999816894531,84.38999938964844,4845200,84.73999786376953,83.45999908447266,70.50804901123047
20-11-2019,83.16999816894531,83.22000122070312,5670100,85.5999984741211,83.4800033569336,70.52494812011719
21-11-2019,83.04000091552734,83.66999816894531,4030700,84.9000015258789,83.45999908447266,70.50804901123047
22-11-2019,82.36000061035156,83.7300033569336,4764400,84.33000183105469,82.37999725341797,69.59563446044922
25-11-2019,81.55000305175781,82.5,8015400,82.7699966430664,82.37000274658203,69.58719635009766
26-11-2019,81.72000122070312,82.55999755859375,5258500,83.26000213623047,82.2699966430664,69.50273132324219
27-11-2019,81.66999816894531,82.66999816894531,4130800,83.18000030517578,82.4800033569336,69.68013000488281
29-11-2019,82.2300033569336,82.2300033569336,2927900,83.13999938964844,82.93000030517578,70.06029510498047
02-12-2019,81.72000122070312,82.55000305175781,4402300,82.80999755859375,82.5999984741211,69.78150939941406
03-12-2019,81.79000091552734,83.0,4750300,83.06999969482422,82.97000122070312,70.0940933227539
04-12-2019,81.87999725341797,82.45999908447266,5053500,83.04000091552734,82.0999984741211,69.35910034179688
05-12-2019,81.4000015258789,82.06999969482422,5209800,82.43000030517578,82.37999725341797,69.59563446044922
06-12-2019,82.61000061035156,83.16000366210938,3787000,83.68000030517578,83.25,70.33064270019531
09-12-2019,83.44000244140625,83.7699966430664,3295500,83.93000030517578,83.58999633789062,70.61786651611328
10-12-2019,83.08000183105469,83.33999633789062,3496300,84.2300033569336,83.9000015258789,70.8797607421875
11-12-2019,84.0,84.25,3719700,85.12000274658203,84.83999633789062,71.67388916015625
12-12-2019,84.0,84.83999633789062,6104400,85.0,84.05000305175781,71.00647735595703
13-12-2019,83.66000366210938,84.0,5574800,84.88999938964844,84.66999816894531,71.5302734375
16-12-2019,85.30999755859375,85.3499984741211,5594500,86.45999908447266,86.25,72.86506652832031
17-12-2019,85.2300033569336,85.83999633789062,5435500,86.30999755859375,85.94999694824219,72.61162567138672
18-12-2019,84.44999694824219,84.69999694824219,6240900,85.9000015258789,85.69999694824219,73.39958953857422
19-12-2019,85.5999984741211,85.9000015258789,5085200,86.23999786376953,85.98999786376953,73.64795684814453
20-12-2019,85.19999694824219,86.87999725341797,9379200,87.08000183105469,85.2699966430664,73.03130340576172
23-12-2019,85.5199966430664,85.58999633789062,3992400,86.13999938964844,86.0199966430664,73.67365264892578
24-12-2019,85.81999969482422,86.0199966430664,1233800,86.41000366210938,86.11000061035156,73.750732421875
26-12-2019,85.51000213623047,86.23999786376953,2549100,86.51000213623047,86.02999877929688,73.68221282958984
27-12-2019,85.79000091552734,86.0199966430664,2326500,86.44000244140625,86.30999755859375,73.92203521728516
30-12-2019,85.5199966430664,86.38999938964844,2568800,86.66999816894531,85.69999694824219,73.39958953857422
31-12-2019,84.77999877929688,85.70999908447266,3718900,85.88999938964844,85.08999633789062,72.87713623046875
02-01-2020,84.76000213623047,85.51000213623047,5107200,86.16999816894531,85.19000244140625,72.9627914428711
03-01-2020,84.86000061035156,85.02999877929688,3806700,85.94000244140625,85.02999877929688,72.82575225830078
06-01-2020,84.37000274658203,84.91000366210938,7041400,86.11000061035156,86.0199966430664,73.67365264892578
07-01-2020,85.2699966430664,85.62999725341797,4311600,86.83000183105469,86.4000015258789,73.9991226196289
08-01-2020,86.43000030517578,86.80000305175781,5337600,88.3499984741211,88.04000091552734,75.40372467041016
09-01-2020,87.41999816894531,88.37000274658203,6180100,88.66999816894531,88.27999877929688,75.60928344726562
10-01-2020,87.33000183105469,88.95999908447266,4411000,89.0,87.45999908447266,74.9069595336914
13-01-2020,87.2699966430664,87.41000366210938,5402900,88.44999694824219,87.81999969482422,75.2153091430664
14-01-2020,87.23999786376953,87.69999694824219,5129300,87.94000244140625,87.58000183105469,75.00975799560547
15-01-2020,87.30000305175781,87.30999755859375,4155400,88.88999938964844,88.31999969482422,75.64354705810547
16-01-2020,88.19000244140625,88.62000274658203,2602300,88.87000274658203,88.55999755859375,75.84909057617188
17-01-2020,87.73999786376953,88.58000183105469,5908400,88.87999725341797,88.69000244140625,75.9604263305664
21-01-2020,87.9000015258789,88.44000244140625,6373200,88.98999786376953,88.87000274658203,76.1146011352539
22-01-2020,88.48999786376953,88.56999969482422,4595700,89.12999725341797,88.9800033569336,76.20880889892578
23-01-2020,87.0199966430664,88.55999755859375,4592100,88.81999969482422,87.08000183105469,74.58151245117188
24-01-2020,85.63999938964844,86.83000183105469,3888700,87.33000183105469,86.1500015258789,73.78498840332031
27-01-2020,84.56999969482422,85.44999694824219,3795400,85.9000015258789,84.70999908447266,72.55168151855469
28-01-2020,84.06999969482422,84.55000305175781,5263700,84.94000244140625,84.68000030517578,72.52598571777344
29-01-2020,83.94000244140625,84.87000274658203,4418500,85.19000244140625,83.95999908447266,71.90931701660156
30-01-2020,82.52999877929688,83.20999908447266,5625100,84.52999877929688,84.33000183105469,72.22621154785156
31-01-2020,82.2699966430664,84.19000244140625,4861600,84.30000305175781,82.69999694824219,70.83016967773438
03-02-2020,82.63999938964844,82.63999938964844,3356400,84.19000244140625,83.0,71.08711242675781
04-02-2020,82.81999969482422,83.0199966430664,4615900,84.11000061035156,83.5999984741211,71.60099029541016
05-02-2020,83.5999984741211,83.5999984741211,4860800,84.77999877929688,83.94000244140625,71.89219665527344
06-02-2020,84.58000183105469,84.80000305175781,7306200,88.80000305175781,86.18000030517578,73.8106918334961
07-02-2020,86.22000122070312,86.30000305175781,4654600,87.73999786376953,87.44999694824219,74.8984146118164
10-02-2020,86.91000366210938,87.33999633789062,6392400,88.7699966430664,88.75,76.0118179321289
11-02-2020,88.36000061035156,88.75,4975000,90.16999816894531,89.44000244140625,76.60279846191406
12-02-2020,87.37000274658203,89.0,4086100,89.30000305175781,87.9000015258789,75.2838134765625
13-02-2020,87.54000091552734,88.83999633789062,4322800,89.7300033569336,88.81999969482422,76.07177734375
14-02-2020,88.01000213623047,88.87999725341797,3348600,89.2300033569336,88.5,75.79769897460938
18-02-2020,87.05000305175781,88.29000091552734,3606200,88.38999938964844,87.44000244140625,74.88984680175781
19-02-2020,86.87999725341797,87.80999755859375,4372000,87.97000122070312,87.87999725341797,75.26669311523438
20-02-2020,86.13999938964844,87.5,3076400,87.7699966430664,87.44000244140625,74.88984680175781
21-02-2020,86.68000030517578,86.86000061035156,6314300,89.69999694824219,89.63999938964844,76.77407836914062
24-02-2020,85.37999725341797,88.22000122070312,6497400,88.55000305175781,85.56999969482422,73.28823852539062
25-02-2020,84.12999725341797,85.93000030517578,6125500,87.1500015258789,85.0,72.80006408691406
26-02-2020,84.80999755859375,85.0,7929700,86.62000274658203,86.25,73.87064361572266
27-02-2020,83.06999969482422,84.86000061035156,8930500,87.44999694824219,83.06999969482422,71.1470718383789
28-02-2020,77.7300033569336,81.0,13650600,81.97000122070312,81.87000274658203,70.11929321289062
02-03-2020,80.80999755859375,81.61000061035156,6916400,85.04000091552734,84.97000122070312,72.77436065673828
03-03-2020,82.6500015258789,84.87999725341797,6034700,86.94999694824219,83.5,71.51535034179688
04-03-2020,84.1500015258789,84.33999633789062,5675300,88.77999877929688,88.73999786376953,76.00325775146484
05-03-2020,86.5,86.68000030517578,6587500,89.18000030517578,87.86000061035156,75.24954986572266
06-03-2020,83.73999786376953,84.56999969482422,6596900,87.55999755859375,87.2699966430664,74.74424743652344
09-03-2020,79.31999969482422,82.16999816894531,10717700,84.81999969482422,81.62999725341797,69.91373443603516
10-03-2020,80.87999725341797,83.27999877929688,7496100,84.97000122070312,84.7300033569336,72.56880187988281
11-03-2020,79.08999633789062,82.04000091552734,7083200,82.69999694824219,79.83999633789062,68.38066864013672
12-03-2020,70.2699966430664,73.54000091552734,11487200,76.83000183105469,72.25,61.88005065917969
13-03-2020,72.3499984741211,75.12000274658203,11013100,79.79000091552734,79.5,68.0894546508789
16-03-2020,68.41000366210938,70.76000213623047,10163400,74.66000366210938,69.5999984741211,59.61039733886719
17-03-2020,70.5999984741211,71.66999816894531,11051400,75.12999725341797,73.98999786376953,63.37030792236328
18-03-2020,59.83000183105469,70.2699966430664,14720100,73.4800033569336,64.91000366210938,55.59355163574219
19-03-2020,61.0099983215332,64.26000213623047,9453600,67.22000122070312,66.43000030517578,56.8953857421875
20-03-2020,60.290000915527344,64.9000015258789,12175000,65.26000213623047,61.09000015258789,53.25986862182617
23-03-2020,56.0099983215332,58.959999084472656,14031200,60.58000183105469,59.97999954223633,52.29213333129883
24-03-2020,60.779998779296875,60.95000076293945,9328700,66.11000061035156,63.599998474121094,55.44815444946289
25-03-2020,61.0099983215332,61.61000061035156,9075300,68.58000183105469,66.06999969482422,57.601558685302734
26-03-2020,65.9800033569336,66.12999725341797,7830700,72.04000091552734,71.16000366210938,62.03915786743164
27-03-2020,67.38999938964844,68.79000091552734,7972300,71.58000183105469,69.1500015258789,60.28679275512695
30-03-2020,70.0199966430664,70.31999969482422,6361400,73.0,72.55000305175781,63.25099563598633
31-03-2020,72.19999694824219,72.56999969482422,11601800,75.0199966430664,72.95999908447266,63.60845184326172
01-04-2020,69.27999877929688,69.7699966430664,6497600,71.98999786376953,71.12000274658203,62.0042839050293
02-04-2020,70.12000274658203,70.26000213623047,6143500,75.05999755859375,74.33999633789062,64.81156921386719
03-04-2020,72.7699966430664,75.44000244140625,5254100,75.5,73.45999908447266,64.04435729980469
06-04-2020,74.16000366210938,75.37999725341797,6293100,76.61000061035156,75.68000030517578,65.97981262207031
07-04-2020,73.72000122070312,76.87000274658203,7069800,77.2699966430664,74.51000213623047,64.95977783203125
08-04-2020,74.36000061035156,75.16999816894531,6565800,75.91000366210938,74.66000366210938,65.0905532836914
09-04-2020,74.93000030517578,75.91999816894531,9281000,77.7300033569336,75.33999633789062,65.6833724975586
13-04-2020,73.66999816894531,75.01000213623047,6382000,75.4800033569336,73.94999694824219,64.4715576171875
14-04-2020,74.1500015258789,74.3499984741211,6154200,77.44999694824219,77.18000030517578,67.28755187988281
15-04-2020,73.7699966430664,75.5999984741211,5730300,75.83000183105469,75.44000244140625,65.77057647705078
16-04-2020,74.22000122070312,76.0,4531900,76.4800033569336,75.38999938964844,65.72697448730469
17-04-2020,76.19000244140625,76.41999816894531,5352200,78.87000274658203,77.95999908447266,67.96756744384766
20-04-2020,75.7699966430664,76.13999938964844,5953700,78.13999938964844,76.86000061035156,67.00856018066406
21-04-2020,71.5999984741211,72.9800033569336,7726900,75.5199966430664,72.27999877929688,63.015602111816406
22-04-2020,71.8499984741211,73.66999816894531,4868300,73.86000061035156,73.05999755859375,63.69563293457031
23-04-2020,71.75,73.05999755859375,5332400,73.41000366210938,71.77999877929688,62.57969665527344
24-04-2020,72.30000305175781,72.5,4193500,73.97000122070312,73.66999816894531,64.2274398803711
27-04-2020,73.5999984741211,74.05000305175781,3915900,75.20999908447266,74.91999816894531,65.31723022460938
28-04-2020,76.11000061035156,76.30999755859375,5487400,78.45999908447266,77.25,67.34858703613281
29-04-2020,76.36000061035156,78.19999694824219,4583600,78.44000244140625,76.5,66.6947250366211
30-04-2020,72.77999877929688,75.94999694824219,9192200,76.16000366210938,74.5999984741211,65.03822326660156
01-05-2020,72.91000366210938,74.55000305175781,4782300,74.88999938964844,73.27999877929688,63.88744354248047
04-05-2020,71.13999938964844,73.0199966430664,4589800,73.4000015258789,73.30999755859375,63.913578033447266
05-05-2020,72.19000244140625,73.81999969482422,3696400,74.36000061035156,72.19999694824219,62.945858001708984
06-05-2020,69.55000305175781,72.43000030517578,7199100,72.5199966430664,71.5,62.33557891845703
07-05-2020,70.06999969482422,72.7300033569336,7019200,72.7300033569336,70.13999938964844,61.149898529052734
08-05-2020,71.30999755859375,71.48999786376953,5573700,72.43000030517578,72.0,62.77149200439453
11-05-2020,70.8499984741211,71.75,3916800,71.98999786376953,71.27999877929688,62.14377212524414
12-05-2020,69.87000274658203,71.83000183105469,4703300,72.23999786376953,69.87000274658203,60.91449737548828
13-05-2020,68.29000091552734,69.66999816894531,4541200,69.98999786376953,68.79000091552734,59.97292709350586
14-05-2020,66.8499984741211,68.5,5878300,68.56999969482422,67.95999908447266,59.24931716918945
15-05-2020,67.45999908447266,68.63999938964844,3727000,68.70999908447266,67.77999877929688,59.09237289428711
18-05-2020,68.0,69.66000366210938,6661100,69.87000274658203,68.25,59.502140045166016
19-05-2020,67.20999908447266,67.87000274658203,4830600,68.63999938964844,68.51000213623047,59.72882080078125
20-05-2020,68.08000183105469,68.79000091552734,5298200,70.5199966430664,70.47000122070312,61.43760299682617
21-05-2020,69.83000183105469,70.2300033569336,6851900,71.69000244140625,70.5,61.463748931884766
22-05-2020,69.51000213623047,70.5,2605300,70.63999938964844,70.44999694824219,61.42015838623047
26-05-2020,71.5199966430664,71.56999969482422,5627800,72.47000122070312,72.12999725341797,62.88482666015625
27-05-2020,73.0,73.5,5959800,74.0999984741211,73.91000366210938,64.43668365478516
28-05-2020,73.47000122070312,75.0,5536000,75.0,73.51000213623047,64.08794403076172
29-05-2020,71.86000061035156,72.94999694824219,7185900,73.62000274658203,73.36000061035156,63.95718002319336
01-06-2020,73.3499984741211,73.3499984741211,3309300,74.3499984741211,73.79000091552734,64.3320541381836
02-06-2020,73.19999694824219,74.33000183105469,3869800,74.33000183105469,73.7300033569336,64.2797622680664
03-06-2020,73.86000061035156,74.44999694824219,5182400,74.5999984741211,74.20999908447266,64.69822692871094
04-06-2020,73.5199966430664,74.0,4206700,75.2699966430664,75.19000244140625,65.55262756347656
05-06-2020,75.77999877929688,76.5,5395600,77.18000030517578,75.91000366210938,66.18033599853516
08-06-2020,75.0999984741211,75.45999908447266,5141100,77.77999877929688,77.69999694824219,67.74089813232422
09-06-2020,75.43000030517578,77.06999969482422,4315400,77.08999633789062,75.6500015258789,65.95365905761719
10-06-2020,75.12999725341797,76.12999725341797,4464300,76.38999938964844,75.13999938964844,65.50901794433594
11-06-2020,71.23999786376953,74.1500015258789,5981300,74.44000244140625,71.25,62.11761474609375
12-06-2020,69.88999938964844,72.62999725341797,6713100,72.7699966430664,70.41999816894531,61.39400100708008
15-06-2020,69.48999786376953,69.69999694824219,6254900,72.4000015258789,72.19999694824219,62.945858001708984
16-06-2020,73.6500015258789,74.23999786376953,5955800,75.12999725341797,74.66000366210938,65.0905532836914
17-06-2020,73.8499984741211,74.9000015258789,4486000,75.33999633789062,74.08999633789062,64.59361267089844
18-06-2020,73.36000061035156,73.5,3794300,74.77999877929688,74.5999984741211,65.03822326660156
19-06-2020,72.12000274658203,73.91000366210938,9201500,74.33999633789062,72.19999694824219,63.94881057739258
22-06-2020,71.7699966430664,72.3499984741211,4107200,72.7300033569336,72.04000091552734,63.80708694458008
23-06-2020,71.45999908447266,72.87000274658203,5238600,72.97000122070312,71.48999786376953,63.319950103759766
24-06-2020,69.77999877929688,70.7300033569336,5179200,71.18000030517578,70.08999633789062,62.07993698120117
25-06-2020,69.63999938964844,70.0999984741211,4610500,70.72000122070312,70.66999816894531,62.59365463256836
26-06-2020,68.37000274658203,70.27999877929688,9265400,70.62000274658203,68.87000274658203,60.99938201904297
29-06-2020,69.0199966430664,69.37000274658203,2953700,70.62000274658203,70.51000213623047,62.451942443847656
30-06-2020,69.43000030517578,70.04000091552734,4626300,70.47000122070312,70.05999755859375,62.053367614746094
01-07-2020,69.87999725341797,70.12999725341797,3565900,71.0,69.98999786376953,61.99137496948242
02-07-2020,70.19000244140625,71.0,3493700,71.20999908447266,70.45999908447266,62.407657623291016
06-07-2020,70.0,71.18000030517578,3562800,71.37999725341797,70.5999984741211,62.53166580200195
07-07-2020,69.37000274658203,70.0,8160600,73.20999908447266,72.94000244140625,64.60423278808594
08-07-2020,71.55999755859375,73.0,7498900,73.76000213623047,72.30000305175781,64.03738403320312
09-07-2020,69.87000274658203,71.69000244140625,4345400,72.19999694824219,70.13999938964844,62.12422180175781
10-07-2020,70.51000213623047,70.69999694824219,5429100,73.08999633789062,72.95999908447266,64.6219482421875
13-07-2020,72.44000244140625,72.76000213623047,5269400,73.87999725341797,73.5,65.1002426147461
14-07-2020,72.41000366210938,73.12000274658203,4781000,74.44000244140625,74.30999755859375,65.81766510009766
15-07-2020,74.52999877929688,74.77999877929688,3909600,75.3499984741211,75.0,66.42881774902344
16-07-2020,74.33999633789062,74.7699966430664,3691800,75.55000305175781,75.3499984741211,66.73880767822266
17-07-2020,74.70999908447266,75.80000305175781,3299400,75.80000305175781,75.02999877929688,66.45539855957031
20-07-2020,72.47000122070312,74.5999984741211,5448500,74.79000091552734,72.88999938964844,64.5599594116211
21-07-2020,74.9000015258789,75.2300033569336,6862900,76.91999816894531,75.91999816894531,67.24366760253906
22-07-2020,74.04000091552734,76.25,4904900,76.31999969482422,76.0,67.31452941894531
23-07-2020,75.2300033569336,75.87999725341797,5116900,76.38999938964844,76.30000305175781,67.58024597167969
24-07-2020,76.2699966430664,77.0,5695000,77.87999725341797,76.8499984741211,68.06739044189453
27-07-2020,76.61000061035156,76.80000305175781,7595800,78.69999694824219,78.54000091552734,69.56426239013672
28-07-2020,77.88999938964844,78.54000091552734,4312300,79.3499984741211,77.97000122070312,69.05940246582031
29-07-2020,77.16000366210938,77.8499984741211,4635800,78.69000244140625,78.38999938964844,69.431396484375
30-07-2020,77.19000244140625,77.76000213623047,3422600,78.16999816894531,77.44999694824219,68.59881591796875
31-07-2020,76.11000061035156,77.76000213623047,4995100,77.76000213623047,76.80999755859375,68.0319595336914
03-08-2020,75.93000030517578,76.52999877929688,3171600,76.8499984741211,76.52999877929688,67.78396606445312
04-08-2020,76.0,76.04000091552734,3399100,77.37999725341797,77.0999984741211,68.28881072998047
05-08-2020,76.45999908447266,77.19999694824219,4204000,77.51000213623047,76.95999908447266,68.16482543945312
06-08-2020,76.25,76.4000015258789,2440100,77.19999694824219,77.12000274658203,68.30653381347656
07-08-2020,76.27999877929688,76.58000183105469,2912300,77.51000213623047,77.5,68.64311218261719
10-08-2020,77.26000213623047,77.36000061035156,4291400,78.45999908447266,78.37000274658203,69.4136734008789
11-08-2020,78.41999816894531,79.4000015258789,4574400,79.91000366210938,78.72000122070312,69.72368621826172
12-08-2020,79.0,79.30999755859375,4922200,80.05999755859375,79.69000244140625,70.58283233642578
13-08-2020,77.8499984741211,78.86000061035156,3925900,78.98999786376953,78.13999938964844,69.20996856689453
14-08-2020,77.37000274658203,77.7699966430664,2829700,78.30000305175781,77.70999908447266,68.82910919189453
17-08-2020,77.05999755859375,77.45999908447266,2542800,78.54000091552734,78.26000213623047,69.31626892089844
18-08-2020,78.25,78.6500015258789,2590700,79.41999816894531,79.18000030517578,70.13111877441406
19-08-2020,78.58999633789062,79.33000183105469,4483900,79.7699966430664,78.69999694824219,69.70598602294922
20-08-2020,78.01000213623047,78.36000061035156,2690700,78.77999877929688,78.22000122070312,69.28083038330078
21-08-2020,77.38999938964844,78.30999755859375,2790000,78.58999633789062,78.05999755859375,69.13910675048828
24-08-2020,78.04000091552734,78.29000091552734,2484400,79.9000015258789,79.62999725341797,70.52967834472656
25-08-2020,79.26000213623047,80.30999755859375,3365500,80.45999908447266,79.62000274658203,70.52083587646484
26-08-2020,78.23999786376953,78.7699966430664,3648600,80.08999633789062,79.9800033569336,70.83969116210938
27-08-2020,79.55000305175781,80.08000183105469,3502000,81.22000122070312,80.0,70.8573989868164
28-08-2020,79.16000366210938,79.7300033569336,3119200,80.80000305175781,80.73999786376953,71.51283264160156
31-08-2020,79.75,80.51000213623047,3582800,80.7300033569336,79.79000091552734,70.6714096069336
01-09-2020,78.63999938964844,79.13999938964844,3285500,79.5,79.04000091552734,70.0071029663086
02-09-2020,78.83999633789062,78.87999725341797,3321800,80.41000366210938,79.9800033569336,70.83969116210938
03-09-2020,78.73999786376953,80.56999969482422,4024000,81.61000061035156,79.31999969482422,70.255126953125
04-09-2020,78.3499984741211,79.97000122070312,4107100,80.41999816894531,79.1500015258789,70.10455322265625
08-09-2020,77.88999938964844,79.43000030517578,4235200,79.58999633789062,79.02999877929688,69.9982681274414
09-09-2020,79.55999755859375,79.75,4483800,81.47000122070312,80.47000122070312,71.27368927001953
10-09-2020,79.7699966430664,80.4000015258789,3402800,81.2300033569336,80.41000366210938,71.22055053710938
11-09-2020,80.31999969482422,80.76000213623047,3007800,81.5,81.2300033569336,71.94685363769531
14-09-2020,81.30999755859375,81.62000274658203,3989600,82.58999633789062,81.94000244140625,72.57569122314453
15-09-2020,81.37000274658203,82.31999969482422,3199200,82.5199966430664,81.4000015258789,72.09740447998047
16-09-2020,80.54000091552734,81.76000213623047,4103700,82.23999786376953,80.5999984741211,71.38883209228516
17-09-2020,79.16000366210938,80.38999938964844,5257000,80.66999816894531,79.47000122070312,70.38796997070312
18-09-2020,77.98999786376953,78.75,8811100,79.56999969482422,78.08000183105469,69.15682220458984
21-09-2020,76.36000061035156,78.0999984741211,5570000,78.30000305175781,77.83000183105469,68.9354019165039
22-09-2020,76.87999725341797,78.05000305175781,4908500,78.79000091552734,77.01000213623047,68.20911407470703
23-09-2020,75.29000091552734,76.54000091552734,5012500,77.3499984741211,75.5,67.93019104003906
24-09-2020,74.91999816894531,75.56999969482422,3597200,77.08000183105469,76.3499984741211,68.6949691772461
25-09-2020,75.12000274658203,75.68000030517578,3836600,76.01000213623047,75.4000015258789,67.84021759033203
28-09-2020,76.16999816894531,76.30000305175781,3832600,77.66000366210938,76.30999755859375,68.65898132324219
29-09-2020,74.30000305175781,75.77999877929688,4060200,76.12000274658203,74.33999633789062,66.8864974975586
30-09-2020,74.3499984741211,74.54000091552734,5410400,75.29000091552734,74.98999786376953,67.47132873535156
01-10-2020,73.51000213623047,74.69999694824219,3934400,74.97000122070312,74.13999938964844,66.70655822753906
02-10-2020,73.44999694824219,73.58000183105469,2974500,75.12999725341797,74.45999908447266,66.99446105957031
05-10-2020,74.5199966430664,74.77999877929688,3703400,76.05999755859375,75.91000366210938,68.29907989501953
06-10-2020,75.30999755859375,76.2300033569336,3323800,76.73999786376953,75.5,67.93019104003906
07-10-2020,76.55999755859375,76.8499984741211,6691300,79.69999694824219,79.05000305175781,71.12425231933594
08-10-2020,77.8499984741211,78.93000030517578,6433400,79.37999725341797,78.33000183105469,70.4764404296875
09-10-2020,78.68000030517578,79.05999755859375,3120800,79.75,78.87999725341797,70.97129821777344
12-10-2020,78.5199966430664,79.08999633789062,2842800,79.62000274658203,79.31999969482422,71.36719512939453
13-10-2020,78.06999969482422,79.29000091552734,4414300,79.58000183105469,79.20999908447266,71.26822662353516
14-10-2020,77.83000183105469,78.55999755859375,3488200,79.88999938964844,78.91000366210938,70.99830627441406
15-10-2020,77.8499984741211,77.87000274658203,2406000,79.31999969482422,79.13999938964844,71.20523071289062
16-10-2020,79.02999877929688,79.3499984741211,3033600,79.87000274658203,79.2699966430664,71.32220458984375
19-10-2020,77.69000244140625,78.9800033569336,4671600,79.36000061035156,77.83999633789062,70.03556823730469
20-10-2020,73.30000305175781,77.75,9405900,77.8499984741211,73.33000183105469,65.9777603149414
21-10-2020,73.68000030517578,73.93000030517578,7273500,75.20999908447266,73.81999969482422,66.41863250732422
22-10-2020,73.91999816894531,74.76000213623047,4733500,75.08000183105469,74.86000061035156,67.3543472290039
23-10-2020,74.30999755859375,75.26000213623047,3823000,75.37000274658203,74.44999694824219,66.9854507446289
26-10-2020,72.80999755859375,73.86000061035156,5055900,73.91999816894531,73.6500015258789,66.26567077636719
27-10-2020,71.19000244140625,73.3499984741211,5377700,73.52999877929688,71.33000183105469,64.17828369140625
28-10-2020,69.54000091552734,70.04000091552734,5709000,71.12000274658203,70.04000091552734,63.01761245727539
29-10-2020,68.93000030517578,69.66000366210938,6457600,71.11000061035156,70.63999938964844,63.55746841430664
30-10-2020,69.94000244140625,70.12000274658203,6155900,71.1500015258789,71.0199966430664,63.89936065673828
02-11-2020,70.91999816894531,71.94000244140625,4315600,72.25,71.62999725341797,64.44820404052734
03-11-2020,71.68000030517578,71.9800033569336,5043800,73.05999755859375,71.81999969482422,64.61915588378906
04-11-2020,71.44999694824219,72.23999786376953,4771200,73.19000244140625,71.54000091552734,64.36723327636719
05-11-2020,70.80999755859375,72.12000274658203,5811000,72.4800033569336,70.9000015258789,63.7913932800293
06-11-2020,70.12999725341797,71.0199966430664,5465400,71.43000030517578,70.44999694824219,63.38650131225586
09-11-2020,71.58000183105469,72.80000305175781,8327700,73.30999755859375,71.62999725341797,64.44820404052734
10-11-2020,72.12999725341797,72.63999938964844,7138400,74.97000122070312,74.75,67.25538635253906
11-11-2020,73.55000305175781,74.86000061035156,4586400,75.18000030517578,75.11000061035156,67.57929992675781
12-11-2020,73.16999816894531,74.47000122070312,4866200,74.69999694824219,74.5,67.03045654296875
13-11-2020,74.75,75.0,4887000,76.04000091552734,75.88999938964844,68.28108978271484
16-11-2020,76.62999725341797,77.37000274658203,5408400,78.72000122070312,78.62999725341797,70.74636840820312
17-11-2020,77.5,78.08999633789062,3942100,78.97000122070312,78.37999725341797,70.52143859863281
18-11-2020,77.29000091552734,78.7300033569336,3703500,79.20999908447266,77.47000122070312,69.70266723632812
19-11-2020,76.38999938964844,76.76000213623047,3730300,77.83000183105469,77.51000213623047,69.73865509033203
20-11-2020,76.5199966430664,77.08000183105469,4877000,77.51000213623047,76.7300033569336,69.036865234375
23-11-2020,75.70999908447266,76.04000091552734,3975000,76.81999969482422,76.62999725341797,68.94688415527344
24-11-2020,76.93000030517578,77.04000091552734,4430200,78.30000305175781,78.0199966430664,70.1975326538086
25-11-2020,76.87000274658203,77.80999755859375,3498400,78.20999908447266,76.88999938964844,69.18082427978516
27-11-2020,75.75,76.58999633789062,2523800,77.0,75.9000015258789,68.29008483886719
30-11-2020,75.41999816894531,75.69999694824219,5539100,76.08999633789062,75.75,68.15512084960938
01-12-2020,75.69000244140625,76.0199966430664,6791700,77.12999725341797,77.02999877929688,69.30679321289062
02-12-2020,77.0199966430664,77.29000091552734,5415000,78.11000061035156,78.06999969482422,70.24251556396484
03-12-2020,77.69999694824219,78.25,4313400,78.66999816894531,78.5,70.62940979003906
04-12-2020,78.52999877929688,78.52999877929688,4678200,80.83000183105469,80.75,72.65380859375
07-12-2020,80.55000305175781,81.01000213623047,5224200,82.13999938964844,81.68000030517578,73.4905776977539
08-12-2020,80.87999725341797,81.27999877929688,5712800,83.12000274658203,82.63999938964844,74.35431671142578
09-12-2020,82.83999633789062,83.18000030517578,6900000,84.9800033569336,84.61000061035156,76.12680053710938
10-12-2020,83.94999694824219,84.04000091552734,8787800,85.41000366210938,84.97000122070312,76.4507064819336
11-12-2020,83.11000061035156,84.0,4869000,85.19999694824219,85.0,76.47769165039062
14-12-2020,84.36000061035156,85.72000122070312,12877400,85.77999877929688,84.4000015258789,75.93785858154297
15-12-2020,84.1500015258789,84.81999969482422,8624900,85.19999694824219,84.29000091552734,75.8388900756836
16-12-2020,84.20999908447266,84.29000091552734,9049500,86.2699966430664,85.62999725341797,77.04452514648438
17-12-2020,85.13999938964844,85.81999969482422,5799900,86.0,85.66999816894531,77.08052062988281
18-12-2020,85.0999984741211,85.37999725341797,12918200,86.61000061035156,86.08999633789062,77.45841217041016
21-12-2020,83.05999755859375,84.7699966430664,7672100,84.7699966430664,84.16999816894531,75.73091888427734
22-12-2020,81.2699966430664,82.66999816894531,5109300,82.73999786376953,82.19000244140625,75.01895904541016
23-12-2020,82.02999877929688,82.44999694824219,3702800,82.72000122070312,82.19999694824219,75.02808380126953
24-12-2020,82.02999877929688,82.16000366210938,1128500,82.5999984741211,82.51000213623047,75.31105041503906
28-12-2020,82.06999969482422,82.94000244140625,4528900,83.56999969482422,82.48999786376953,75.29278564453125
29-12-2020,81.66000366210938,83.11000061035156,2417300,83.2300033569336,81.87000274658203,74.72689056396484
30-12-2020,81.30999755859375,81.97000122070312,2886400,82.19999694824219,81.4800033569336,74.37091827392578
31-12-2020,81.29000091552734,81.45999908447266,2892300,82.91999816894531,82.79000091552734,75.56661224365234
04-01-2021,79.86000061035156,82.81999969482422,5389400,82.8499984741211,81.5,74.38916015625
05-01-2021,81.83000183105469,82.18000030517578,5282700,83.08999633789062,82.38999938964844,75.20152282714844
06-01-2021,82.01000213623047,82.70999908447266,6376600,83.25,82.5,75.30191802978516
07-01-2021,82.31999969482422,82.69000244140625,4824300,83.36000061035156,82.9800033569336,75.74005126953125
08-01-2021,82.47000122070312,83.29000091552734,4035600,83.75,83.08999633789062,75.84044647216797
11-01-2021,82.04000091552734,83.0999984741211,4698000,83.69000244140625,82.30999755859375,75.12848663330078
12-01-2021,80.12999725341797,82.0,5300300,82.3499984741211,81.06999969482422,73.9966812133789
13-01-2021,80.5199966430664,80.88999938964844,5280200,81.41999816894531,81.20999908447266,74.12446594238281
14-01-2021,80.55000305175781,81.2300033569336,5504700,81.56999969482422,81.18000030517578,74.09709167480469
15-01-2021,79.83999633789062,80.91999816894531,4492200,81.37000274658203,80.94000244140625,73.8780288696289
19-01-2021,80.80999755859375,81.44000244140625,7685100,82.29000091552734,81.9000015258789,74.75428009033203
20-01-2021,81.01000213623047,81.43000030517578,4733500,82.02999877929688,81.69999694824219,74.57170867919922
21-01-2021,81.0999984741211,81.94999694824219,4166300,82.08000183105469,81.33000183105469,74.23399353027344
22-01-2021,80.5199966430664,81.12000274658203,3156300,81.38999938964844,80.68000030517578,73.64070892333984
25-01-2021,80.04000091552734,80.5,4156000,81.36000061035156,81.33999633789062,74.24313354492188
26-01-2021,81.1500015258789,81.5,3713400,82.29000091552734,81.98999786376953,74.83641052246094
27-01-2021,79.44000244140625,81.0999984741211,5295400,82.05000305175781,79.80000305175781,72.83749389648438
28-01-2021,79.72000122070312,79.80000305175781,3304800,82.06999969482422,81.27999877929688,74.18836212158203
29-01-2021,79.54000091552734,81.08999633789062,5107300,81.44999694824219,79.6500015258789,72.7005844116211
01-02-2021,78.33999633789062,79.0,6209500,79.7300033569336,79.05999755859375,72.16205596923828
02-02-2021,79.20999908447266,79.66000366210938,4790700,80.19000244140625,79.2699966430664,72.35372924804688
03-02-2021,78.91000366210938,79.20999908447266,4275000,80.83999633789062,80.2300033569336,73.22998809814453
04-02-2021,80.0199966430664,80.02999877929688,5391300,83.69000244140625,83.62999725341797,76.33333587646484
05-02-2021,83.4800033569336,84.38999938964844,5048900,84.79000091552734,84.27999877929688,76.9266128540039
08-02-2021,84.1500015258789,84.4000015258789,4843300,86.04000091552734,85.98999786376953,78.48741149902344
09-02-2021,85.56999969482422,86.19000244140625,4205400,86.69999694824219,85.62999725341797,78.15882873535156
10-02-2021,85.04000091552734,87.0,5260600,87.7300033569336,85.94000244140625,78.44178009033203
11-02-2021,84.97000122070312,86.12999725341797,3570300,86.43000030517578,85.36000061035156,77.91238403320312
12-02-2021,85.05999755859375,85.4000015258789,3597400,86.18000030517578,86.12000274658203,78.6060791015625
16-02-2021,85.31999969482422,85.87999725341797,4323000,86.22000122070312,86.0,78.49655151367188
17-02-2021,85.62000274658203,85.69999694824219,4908800,87.06999969482422,86.61000061035156,79.05332946777344
18-02-2021,86.0,86.11000061035156,6859800,86.93000030517578,86.33000183105469,78.79776000976562
19-02-2021,85.37000274658203,86.33000183105469,4289500,86.66999816894531,85.44999694824219,77.9945297241211
22-02-2021,84.73999786376953,85.16000366210938,3525700,86.62000274658203,86.5,78.95292663574219
23-02-2021,86.16000366210938,87.63999938964844,4090300,87.75,86.44000244140625,78.8981704711914
24-02-2021,86.0,86.0199966430664,4560800,88.19000244140625,87.55999755859375,79.92042541503906
25-02-2021,86.38999938964844,87.0,3680000,87.93000030517578,86.5199966430664,78.97117614746094
26-02-2021,83.9800033569336,86.5199966430664,5651700,86.91000366210938,84.0199966430664,76.68929290771484
01-03-2021,84.47000122070312,84.7300033569336,3101200,86.16000366210938,84.94999694824219,77.53814697265625
02-03-2021,84.68000030517578,84.68000030517578,3563600,85.8499984741211,85.06999969482422,77.6476821899414
03-03-2021,84.72000122070312,85.22000122070312,3147000,86.05000305175781,85.1500015258789,77.72071838378906
04-03-2021,84.30000305175781,85.22000122070312,4078000,86.73999786376953,84.61000061035156,77.22783660888672
05-03-2021,84.5999984741211,85.1500015258789,4470100,86.4800033569336,86.16000366210938,78.64259338378906
08-03-2021,85.88999938964844,86.13999938964844,3841500,87.51000213623047,86.36000061035156,78.82512664794922
09-03-2021,86.2300033569336,86.69000244140625,7211700,87.72000122070312,87.06999969482422,79.47319793701172
10-03-2021,85.87999725341797,87.06999969482422,4644300,87.5,86.76000213623047,79.19023895263672
11-03-2021,86.05999755859375,86.48999786376953,3540300,87.51000213623047,86.62999725341797,79.07157135009766
12-03-2021,86.8499984741211,87.41999816894531,3070300,87.79000091552734,87.72000122070312,80.06648254394531
15-03-2021,87.16000366210938,88.0,5626500,88.36000061035156,87.68000030517578,80.02997589111328
16-03-2021,87.05999755859375,87.08000183105469,6356400,88.23999786376953,88.19999694824219,80.50460052490234
17-03-2021,88.11000061035156,88.47000122070312,4938300,89.20999908447266,89.19999694824219,81.41734313964844
18-03-2021,88.8499984741211,89.0,10661100,91.25,90.55999755859375,82.65868377685547
19-03-2021,88.56999969482422,89.13999938964844,10234700,90.0199966430664,89.25,82.55693054199219
22-03-2021,88.18000030517578,88.80999755859375,5804300,90.0,89.9800033569336,83.23219299316406
23-03-2021,87.77999877929688,89.48999786376953,4468600,89.58999633789062,88.05000305175781,81.44692993164062
24-03-2021,87.7300033569336,87.9000015258789,4296000,89.36000061035156,88.55000305175781,81.90943908691406
25-03-2021,87.76000213623047,88.51000213623047,3528800,88.91000366210938,88.69000244140625,82.03893280029297
26-03-2021,88.38999938964844,89.29000091552734,5045500,90.72000122070312,90.58000183105469,83.78720092773438
29-03-2021,89.7699966430664,90.33999633789062,4433600,91.0999984741211,90.98999786376953,84.16645050048828
30-03-2021,89.02999877929688,91.0,3659800,91.12000274658203,89.3499984741211,82.64944458007812
31-03-2021,88.55999755859375,88.88999938964844,4916000,89.20999908447266,88.73999786376953,82.0851821899414
01-04-2021,87.33000183105469,88.41999816894531,4647100,88.9000015258789,88.05999755859375,81.45618438720703
05-04-2021,88.5199966430664,88.5199966430664,3593300,89.41999816894531,88.5999984741211,81.95568084716797
06-04-2021,87.66999816894531,88.41000366210938,3780100,89.04000091552734,88.62999725341797,81.9834213256836
07-04-2021,87.73999786376953,88.75,3354600,89.04000091552734,88.27999877929688,81.65967559814453
08-04-2021,88.30000305175781,88.5199966430664,5045000,89.66000366210938,89.44000244140625,82.73269653320312
09-04-2021,89.56999969482422,89.69999694824219,5181100,91.11000061035156,91.06999969482422,84.2404556274414
12-04-2021,90.83000183105469,91.1500015258789,4366500,91.75,91.38999938964844,84.53644561767578
13-04-2021,89.98999786376953,90.11000061035156,5639700,91.0,90.77999877929688,83.97219848632812
14-04-2021,90.43000030517578,90.7300033569336,4058600,91.29000091552734,91.06999969482422,84.2404556274414
15-04-2021,91.4000015258789,91.69000244140625,4333200,92.54000091552734,91.83000183105469,84.94346618652344
16-04-2021,91.94999694824219,92.44000244140625,4948500,93.08999633789062,92.91000366210938,85.94246673583984
19-04-2021,91.45999908447266,93.3499984741211,7362900,93.43000030517578,91.66999816894531,84.79545593261719
20-04-2021,90.20999908447266,91.08999633789062,8163900,94.63999938964844,94.0,86.95072937011719
21-04-2021,93.97000122070312,94.0,5418300,95.5999984741211,94.19000244140625,87.12648010253906
22-04-2021,93.76000213623047,94.0,4861000,94.7300033569336,94.01000213623047,86.9599838256836
23-04-2021,93.37999725341797,93.47000122070312,3747100,94.70999908447266,94.61000061035156,87.51498413085938
26-04-2021,94.01000213623047,94.58999633789062,3157000,94.83000183105469,94.38999938964844,87.31148529052734
27-04-2021,94.1500015258789,94.47000122070312,4044300,94.80000305175781,94.51000213623047,87.42247772216797
28-04-2021,94.05999755859375,95.0,3069500,95.2699966430664,94.1500015258789,87.0894775390625
29-04-2021,93.80999755859375,94.27999877929688,4701800,95.18000030517578,95.08999633789062,87.958984375
30-04-2021,94.4000015258789,95.37999725341797,5031600,95.4000015258789,95.0,87.875732421875
03-05-2021,95.1500015258789,95.51000213623047,3755000,96.54000091552734,95.8499984741211,88.66199493408203
04-05-2021,94.5999984741211,95.83000183105469,5339700,96.2300033569336,94.91000366210938,87.79248809814453
05-05-2021,94.5999984741211,94.80999755859375,4029800,95.54000091552734,95.44000244140625,88.2827377319336
06-05-2021,95.68000030517578,95.98999786376953,6201100,96.9800033569336,96.81999969482422,89.55924224853516
07-05-2021,96.37999725341797,96.62999725341797,2718600,97.62000274658203,97.41000366210938,90.10499572753906
10-05-2021,97.58000183105469,97.62999725341797,4465800,98.62000274658203,98.05999755859375,90.70625305175781
11-05-2021,96.56999969482422,98.33999633789062,3544000,98.45999908447266,97.29000091552734,89.9939956665039
12-05-2021,96.08999633789062,97.56999969482422,3828000,97.83000183105469,96.19999694824219,88.9857406616211
13-05-2021,95.83000183105469,95.93000030517578,4091200,97.9800033569336,97.55000305175781,90.23451232910156
14-05-2021,97.63999938964844,97.94999694824219,2375100,98.55999755859375,97.69999694824219,90.37325286865234
17-05-2021,97.51000213623047,97.51000213623047,2251500,98.2699966430664,97.55000305175781,90.23451232910156
18-05-2021,97.08000183105469,97.51000213623047,3240100,97.91999816894531,97.69000244140625,90.36399841308594
19-05-2021,95.83999633789062,97.36000061035156,5339000,97.36000061035156,96.30999755859375,89.0875015258789
20-05-2021,96.11000061035156,96.20999908447266,2582600,97.77999877929688,97.41999816894531,90.11425018310547
21-05-2021,96.69999694824219,97.6500015258789,3489000,97.98999786376953,97.41999816894531,90.11425018310547
24-05-2021,97.26000213623047,97.76000213623047,3044000,98.48999786376953,98.16000366210938,90.79875946044922
25-05-2021,96.69999694824219,98.04000091552734,3371600,98.30000305175781,97.5199966430664,90.20674896240234
26-05-2021,96.8499984741211,97.43000030517578,2788700,97.69999694824219,97.30999755859375,90.01248931884766
27-05-2021,96.30999755859375,97.47000122070312,3342700,97.79000091552734,96.68000030517578,89.42974853515625
28-05-2021,96.37999725341797,96.5,3746600,97.20999908447266,96.43000030517578,89.19850158691406
01-06-2021,96.54000091552734,97.01000213623047,2717200,97.58999633789062,96.77999877929688,89.52224731445312
02-06-2021,96.41000366210938,97.20999908447266,4373000,97.37000274658203,96.80999755859375,89.54999542236328
03-06-2021,96.08000183105469,96.2699966430664,3367300,97.51000213623047,97.37000274658203,90.06800079345703
04-06-2021,97.47000122070312,98.0,4471600,98.12999725341797,97.9000015258789,90.55825805664062
07-06-2021,97.80000305175781,98.08999633789062,4370500,98.68000030517578,98.55999755859375,91.16875457763672
08-06-2021,96.20999908447266,98.69999694824219,5455500,98.94999694824219,96.4000015258789,89.17073822021484
09-06-2021,96.23999786376953,96.41000366210938,2555000,97.30999755859375,96.75,89.49449157714844
10-06-2021,96.80999755859375,96.80999755859375,3065900,97.5999984741211,97.55000305175781,90.23451232910156
11-06-2021,97.80999755859375,98.0999984741211,5530600,98.86000061035156,98.83999633789062,91.42776489257812
14-06-2021,98.77999877929688,99.19999694824219,9309500,100.62000274658203,100.5,92.96327209472656
15-06-2021,100.05000305175781,100.41000366210938,4252900,100.87000274658203,100.45999908447266,92.92628479003906
16-06-2021,99.51000213623047,100.87000274658203,7440000,100.94999694824219,99.91999816894531,92.42676544189453
17-06-2021,99.66999816894531,100.0,6795600,100.66000366210938,100.0,92.50077056884766
18-06-2021,98.20999908447266,99.18000030517578,15687000,99.87000274658203,99.5,92.03826141357422
21-06-2021,99.7300033569336,100.0,11527100,100.55999755859375,100.16000366210938,92.64877319335938
22-06-2021,99.83999633789062,100.0,3750600,100.79000091552734,100.0,92.50077056884766
23-06-2021,99.94000244140625,100.0199966430664,10206100,100.68000030517578,100.05000305175781,92.54702758789062
24-06-2021,97.91999816894531,97.91999816894531,5180300,99.18000030517578,99.02999877929688,92.71554565429688
25-06-2021,98.70999908447266,99.02999877929688,5920500,99.1500015258789,99.04000091552734,92.72490692138672
28-06-2021,98.47000122070312,99.3499984741211,3933600,99.44999694824219,98.66999816894531,92.37850189208984
29-06-2021,97.51000213623047,98.94999694824219,3237500,98.94999694824219,97.94000244140625,91.6950454711914
30-06-2021,98.02999877929688,98.19999694824219,3846700,99.30000305175781,99.11000061035156,92.79043579101562
01-07-2021,99.16000366210938,99.20999908447266,3614100,100.4800033569336,99.88999938964844,93.52071380615234
02-07-2021,99.72000122070312,100.0,2763200,100.52999877929688,100.30000305175781,93.9045639038086
06-07-2021,98.19999694824219,99.88999938964844,3486800,100.05999755859375,98.6500015258789,92.35978698730469
07-07-2021,98.23999786376953,98.6500015258789,3567000,99.0999984741211,98.79000091552734,92.49085235595703
08-07-2021,98.08999633789062,98.16999816894531,3498000,98.98999786376953,98.37000274658203,92.0976333618164
09-07-2021,98.93000030517578,99.37000274658203,5059100,100.19999694824219,99.4000015258789,93.06195068359375
12-07-2021,98.19999694824219,98.88999938964844,4984500,99.37000274658203,98.55000305175781,92.26614379882812
13-07-2021,97.37000274658203,98.30999755859375,5129100,98.55000305175781,97.70999908447266,91.47972106933594
14-07-2021,97.81999969482422,98.0,2875900,99.62000274658203,99.55999755859375,93.21175384521484
15-07-2021,98.79000091552734,98.79000091552734,2915900,99.52999877929688,99.30999755859375,92.97769165039062
16-07-2021,98.83000183105469,99.52999877929688,3122600,99.76000213623047,98.9000015258789,92.59383392333984
19-07-2021,96.68000030517578,98.68000030517578,4669100,98.81999969482422,97.93000030517578,91.68568420410156
20-07-2021,93.94000244140625,96.01000213623047,6816200,96.95999908447266,94.93000030517578,88.87696838378906
21-07-2021,95.20999908447266,95.6500015258789,4108000,96.77999877929688,96.54000091552734,90.38431549072266
22-07-2021,95.69999694824219,96.19000244140625,3949000,97.27999877929688,97.23999786376953,91.0396728515625
23-07-2021,97.33999633789062,97.76000213623047,2204800,98.7300033569336,98.4000015258789,92.1257095336914
26-07-2021,98.05000305175781,98.08000183105469,3593600,99.2300033569336,99.04000091552734,92.72490692138672
27-07-2021,98.87999725341797,99.19000244140625,2889300,100.30999755859375,99.83999633789062,93.4738998413086
28-07-2021,98.8499984741211,99.87999725341797,3022100,99.97000122070312,98.94000244140625,92.63128662109375
29-07-2021,99.0999984741211,99.30000305175781,3273900,100.62999725341797,100.29000091552734,93.89521026611328
30-07-2021,99.5199966430664,100.08999633789062,3523100,100.44999694824219,100.08999633789062,93.70795440673828
02-08-2021,99.80999755859375,100.63999938964844,3327400,101.5199966430664,100.02999877929688,93.65177917480469
03-08-2021,99.62999725341797,100.23999786376953,3052600,100.8499984741211,100.44000244140625,94.03564453125
04-08-2021,99.08999633789062,100.44000244140625,2591700,100.66000366210938,99.48999786376953,93.14620971679688
05-08-2021,99.19999694824219,99.87000274658203,1945100,100.12999725341797,99.58999633789062,93.23983001708984
06-08-2021,98.9800033569336,99.87999725341797,2515800,100.0199966430664,99.20999908447266,92.88407135009766
09-08-2021,98.58000183105469,99.05000305175781,2029900,99.43000030517578,99.19999694824219,92.87470245361328
10-08-2021,99.1500015258789,99.5199966430664,2147000,100.51000213623047,99.95999908447266,93.58625030517578
11-08-2021,99.72000122070312,100.41000366210938,2915200,100.55000305175781,99.76000213623047,93.39900207519531
12-08-2021,99.27999877929688,99.7300033569336,2899800,100.1500015258789,100.01000213623047,93.63306427001953
13-08-2021,100.02999877929688,100.33000183105469,2215000,101.83000183105469,101.58999633789062,95.11231231689453
16-08-2021,101.41000366210938,101.83000183105469,3047600,102.43000030517578,102.38999938964844,95.8613052368164
17-08-2021,101.75,102.30000305175781,3911400,103.0,102.5,95.96427917480469
18-08-2021,100.8499984741211,101.83000183105469,2559700,102.23999786376953,100.94999694824219,94.51312255859375
19-08-2021,100.01000213623047,100.30000305175781,2996900,101.6500015258789,101.41999816894531,94.9531478881836
20-08-2021,100.86000061035156,101.20999908447266,2114600,101.94999694824219,101.41999816894531,94.9531478881836
23-08-2021,100.7699966430664,101.72000122070312,2782500,102.08000183105469,100.8499984741211,94.41949462890625
24-08-2021,99.6500015258789,100.61000061035156,2627700,100.76000213623047,100.62999725341797,94.21351623535156
25-08-2021,100.26000213623047,100.79000091552734,2213600,101.7300033569336,101.23999786376953,94.78462982177734
26-08-2021,100.80999755859375,101.2699966430664,1723800,101.63999938964844,101.25,94.79399108886719
27-08-2021,101.3499984741211,101.80999755859375,2994400,102.41000366210938,102.0999984741211,95.58979034423828
30-08-2021,101.80000305175781,102.0999984741211,2371300,103.18000030517578,103.06999969482422,96.49794006347656
31-08-2021,102.69000244140625,103.02999877929688,3876900,103.62999725341797,103.0,96.43241119384766
01-09-2021,102.27999877929688,103.1500015258789,3051500,103.61000061035156,103.55999755859375,96.95670318603516
02-09-2021,103.9000015258789,104.0,4366400,105.6500015258789,105.63999938964844,98.90406799316406
03-09-2021,104.9800033569336,105.44000244140625,2961300,106.25,106.0999984741211,99.3347396850586
07-09-2021,105.08999633789062,105.30000305175781,6390600,106.51000213623047,106.05999755859375,99.29728698730469
08-09-2021,102.3499984741211,104.9800033569336,6060200,105.27999877929688,103.68000030517578,97.06904602050781
09-09-2021,102.2300033569336,103.27999877929688,4824600,103.66999816894531,102.58000183105469,96.0391845703125
10-09-2021,103.01000213623047,103.1500015258789,3944000,104.95999908447266,103.56999969482422,96.966064453125
13-09-2021,102.08000183105469,103.80000305175781,3780700,104.33999633789062,102.58999633789062,96.04854583740234
14-09-2021,101.7699966430664,102.58999633789062,3155000,103.0,101.95999908447266,95.45870971679688
15-09-2021,101.94999694824219,102.11000061035156,5166000,104.05000305175781,104.0,97.36864471435547
16-09-2021,102.04000091552734,103.62000274658203,4113700,104.0,102.83000183105469,96.27324676513672
17-09-2021,101.75,102.12000274658203,8748200,102.69999694824219,101.86000061035156,95.3650894165039
20-09-2021,99.83000183105469,100.66999816894531,6580100,101.30000305175781,100.98999786376953,94.55057525634766
21-09-2021,100.29000091552734,101.47000122070312,3893900,102.18000030517578,100.51000213623047,94.10118103027344
22-09-2021,100.30999755859375,101.36000061035156,3768100,101.38999938964844,100.51000213623047,94.10118103027344
23-09-2021,100.5,100.97000122070312,4029000,102.02999877929688,101.44999694824219,94.98123168945312
24-09-2021,101.0999984741211,101.3499984741211,3523800,102.08000183105469,101.81999969482422,95.32764434814453
27-09-2021,101.62000274658203,101.62000274658203,4414900,103.04000091552734,102.51000213623047,95.97364807128906
28-09-2021,98.12000274658203,101.30000305175781,6281700,101.30000305175781,98.41999816894531,93.28191375732422
29-09-2021,98.31999969482422,98.52999877929688,3172600,99.75,99.48999786376953,94.29605102539062
30-09-2021,94.37000274658203,99.16999816894531,7261300,99.27999877929688,94.79000091552734,89.84142303466797
01-10-2021,94.83000183105469,95.16999816894531,4585000,96.30000305175781,96.08000183105469,91.06407928466797
04-10-2021,95.41000366210938,96.19999694824219,4091500,96.94999694824219,96.19000244140625,91.1683349609375
05-10-2021,95.7699966430664,96.61000061035156,4250200,96.94999694824219,96.38999938964844,91.3578872680664
06-10-2021,95.11000061035156,95.5199966430664,3309000,96.88999938964844,96.63999938964844,91.59484100341797
07-10-2021,95.44000244140625,97.41999816894531,4343700,97.91000366210938,95.6500015258789,90.65652465820312
08-10-2021,95.18000030517578,95.91000366210938,3976300,96.25,95.3499984741211,90.37218475341797
11-10-2021,94.8499984741211,95.30000305175781,2840200,95.69999694824219,95.12000274658203,90.15419006347656
12-10-2021,95.3499984741211,95.48999786376953,3168700,96.2699966430664,95.58000183105469,90.59017181396484
13-10-2021,95.19999694824219,95.58000183105469,4996100,97.66000366210938,97.47000122070312,92.38150787353516
14-10-2021,97.79000091552734,98.31999969482422,4477800,99.36000061035156,98.8499984741211,93.68946075439453
15-10-2021,98.05999755859375,99.4000015258789,3971000,99.7300033569336,98.37000274658203,93.2345199584961
18-10-2021,96.55000305175781,97.33999633789062,3826600,97.75,97.44999694824219,92.36254119873047
19-10-2021,95.70999908447266,96.19999694824219,4223900,97.52999877929688,95.79000091552734,90.78921508789062
20-10-2021,95.69999694824219,95.91000366210938,3778600,97.55000305175781,97.0199966430664,91.95500183105469
21-10-2021,96.16999816894531,96.62000274658203,3601900,96.91000366210938,96.5199966430664,91.48109436035156
22-10-2021,96.22000122070312,96.54000091552734,3310200,97.29000091552734,96.87999725341797,91.82230377197266
25-10-2021,96.19999694824219,97.47000122070312,3934900,97.47000122070312,96.54000091552734,91.50006103515625
26-10-2021,95.62999725341797,96.30000305175781,3150900,96.66999816894531,96.19999694824219,91.17781066894531
27-10-2021,94.7300033569336,96.68000030517578,3537100,96.75,94.87000274658203,89.91724395751953
28-10-2021,94.44999694824219,94.44999694824219,4754500,96.0199966430664,95.97000122070312,90.9598159790039
29-10-2021,94.30999755859375,95.79000091552734,5260500,96.06999969482422,94.54000091552734,89.60447692871094
01-11-2021,93.4000015258789,94.63999938964844,3513400,94.63999938964844,93.41999816894531,88.54293823242188
02-11-2021,92.9000015258789,93.62000274658203,3480000,94.22000122070312,94.0199966430664,89.11161041259766
03-11-2021,93.5199966430664,93.91000366210938,2463500,94.80999755859375,94.7300033569336,89.78456115722656
04-11-2021,93.30999755859375,94.41000366210938,2332400,94.51000213623047,93.72000122070312,88.82728576660156
05-11-2021,94.12999725341797,94.25,2784100,95.25,94.30000305175781,89.37699890136719
08-11-2021,92.79000091552734,94.58000183105469,4623600,94.83000183105469,92.88999938964844,88.04060363769531
09-11-2021,92.58000183105469,93.2699966430664,4050800,94.3499984741211,93.66999816894531,88.7798843383789
10-11-2021,93.86000061035156,94.19000244140625,3450400,94.56999969482422,94.37999725341797,89.45281982421875
11-11-2021,94.41000366210938,94.6500015258789,3580700,95.16999816894531,95.0,90.04045867919922
12-11-2021,94.72000122070312,95.45999908447266,3110200,95.94000244140625,94.76000213623047,89.81298065185547
15-11-2021,94.83000183105469,95.0,2543100,95.52999877929688,95.36000061035156,90.38166809082031
16-11-2021,92.9800033569336,95.12999725341797,3960000,95.33999633789062,93.06999969482422,88.21121215820312
17-11-2021,92.8499984741211,93.05000305175781,5320300,93.9000015258789,93.58999633789062,88.70406341552734
18-11-2021,90.9800033569336,93.26000213623047,5606700,93.41999816894531,91.55000305175781,86.77056884765625
19-11-2021,89.47000122070312,91.83999633789062,5700900,91.83999633789062,90.4000015258789,85.68060302734375
22-11-2021,89.0999984741211,90.79000091552734,8059100,91.41000366210938,89.77999877929688,85.09297180175781
23-11-2021,89.36000061035156,90.0,6103400,90.23999786376953,89.6500015258789,84.96975708007812
24-11-2021,89.61000061035156,89.80999755859375,5066500,91.11000061035156,90.02999877929688,85.32991790771484
26-11-2021,88.02999877929688,88.91000366210938,2668800,89.0,88.68000030517578,84.0503921508789
29-11-2021,86.72000122070312,88.11000061035156,7245500,88.70999908447266,87.3499984741211,82.78982543945312
30-11-2021,85.63999938964844,86.27999877929688,7378500,86.95999908447266,85.94000244140625,81.45344543457031
01-12-2021,86.66000366210938,86.9800033569336,6109900,88.80999755859375,86.87000274658203,82.33489227294922
02-12-2021,87.31999969482422,87.63999938964844,5763000,88.87999725341797,87.83999633789062,83.25424194335938
03-12-2021,87.94999694824219,88.62999725341797,7368200,89.51000213623047,89.37999725341797,84.71385192871094
06-12-2021,90.01000213623047,90.05999755859375,6774300,91.80000305175781,91.38999938964844,86.61892700195312
07-12-2021,90.2699966430664,91.36000061035156,6151000,92.2300033569336,90.41000366210938,85.6900863647461
08-12-2021,89.55000305175781,90.81999969482422,5111100,91.02999877929688,89.88999938964844,85.19722747802734
09-12-2021,89.20999908447266,89.54000091552734,4594000,90.16999816894531,89.5,84.82758331298828
10-12-2021,89.8499984741211,89.8499984741211,4885900,90.56999969482422,90.04000091552734,85.33940124511719
13-12-2021,89.66999816894531,89.86000061035156,8055600,92.30999755859375,91.66999816894531,86.8843002319336
14-12-2021,90.75,91.43000030517578,10371700,92.5999984741211,91.91999816894531,87.1212387084961
15-12-2021,91.80999755859375,92.0,6460800,93.19999694824219,92.7300033569336,87.88896179199219
16-12-2021,92.75,92.83000183105469,6832400,94.56999969482422,94.37999725341797,89.45281982421875
17-12-2021,92.94999694824219,93.91999816894531,10263400,94.6500015258789,93.44999694824219,88.57137298583984
20-12-2021,91.7699966430664,92.80999755859375,4284500,92.97000122070312,92.86000061035156,88.01216888427734
21-12-2021,92.87999725341797,93.51000213623047,4583500,93.77999877929688,93.04000091552734,88.18278503417969
22-12-2021,91.41999816894531,91.61000061035156,4877400,92.94999694824219,92.91000366210938,89.2587661743164
23-12-2021,92.63999938964844,93.0,2926800,93.5,92.93000030517578,89.2779769897461
27-12-2021,92.61000061035156,92.87000274658203,2036600,93.55999755859375,93.54000091552734,89.86400604248047
28-12-2021,93.29000091552734,93.38999938964844,2622100,94.1500015258789,93.86000061035156,90.17143249511719
29-12-2021,93.75,93.94999694824219,3238600,94.69000244140625,94.30000305175781,90.5941390991211
30-12-2021,94.20999908447266,94.45999908447266,2973800,94.72000122070312,94.26000213623047,90.55570983886719
31-12-2021,94.05000305175781,94.20999908447266,3219400,95.19000244140625,95.0,91.26663208007812
03-01-2022,94.44000244140625,94.88999938964844,4790300,95.80000305175781,95.7300033569336,91.96794128417969
04-01-2022,95.52999877929688,95.7699966430664,5372400,96.94000244140625,96.33999633789062,92.55396270751953
05-01-2022,95.48999786376953,96.0,7180700,97.06999969482422,95.94999694824219,92.17929077148438
06-01-2022,96.12000274658203,96.97000122070312,6279600,97.63999938964844,97.41000366210938,93.58191680908203
07-01-2022,97.06999969482422,97.38999938964844,4764500,99.7300033569336,99.13999938964844,95.24392700195312
10-01-2022,98.73999786376953,99.69999694824219,7067300,100.4000015258789,100.27999877929688,96.3391342163086
11-01-2022,99.08999633789062,100.12000274658203,6473300,101.0199966430664,100.98999786376953,97.02122497558594
12-01-2022,100.16000366210938,100.95999908447266,4812200,101.91000366210938,101.44000244140625,97.45354461669922
13-01-2022,100.80000305175781,101.33000183105469,6696800,102.12999725341797,102.0999984741211,98.08760070800781
14-01-2022,101.44000244140625,102.0999984741211,5576100,103.54000091552734,103.37999725341797,99.31730651855469
18-01-2022,101.47000122070312,103.22000122070312,7123400,103.5999984741211,101.7300033569336,97.73214721679688
19-01-2022,101.41999816894531,101.80999755859375,6510600,102.33000183105469,101.48999786376953,97.50157928466797
20-01-2022,100.68000030517578,101.05999755859375,5589700,102.77999877929688,102.0199966430664,98.0107421875
21-01-2022,102.33000183105469,102.63999938964844,5423700,103.75,102.91999816894531,98.87538146972656
24-01-2022,98.80999755859375,102.4800033569336,8974600,102.98999786376953,100.58000183105469,96.6273422241211
25-01-2022,98.2699966430664,99.68000030517578,6006400,102.63999938964844,102.13999938964844,98.12603759765625
26-01-2022,100.56999969482422,101.80999755859375,6340300,102.8499984741211,101.37999725341797,97.39590454101562
27-01-2022,101.41000366210938,102.0999984741211,7345900,103.30000305175781,102.25,98.2317123413086
28-01-2022,101.38999938964844,102.0,5520300,103.69000244140625,103.5199966430664,99.45179748535156
31-01-2022,102.33000183105469,102.47000122070312,8025800,103.63999938964844,102.8499984741211,98.8081283569336
01-02-2022,102.0199966430664,102.9000015258789,8047800,103.6500015258789,103.25,99.19242095947266
02-02-2022,102.91000366210938,103.0,7527700,104.16999816894531,103.9000015258789,99.81687927246094
03-02-2022,103.04000091552734,104.0999984741211,3815500,104.18000030517578,103.80999755859375,99.73040771484375
04-02-2022,102.69999694824219,103.41999816894531,6374500,104.36000061035156,103.58999633789062,99.51905059814453
07-02-2022,102.69999694824219,103.58999633789062,5195700,104.0999984741211,103.58000183105469,99.50945281982422
08-02-2022,103.43000030517578,104.08999633789062,5953100,104.26000213623047,103.8499984741211,99.76883697509766
09-02-2022,103.75,104.23999786376953,4226000,104.54000091552734,104.0999984741211,100.0090103149414
10-02-2022,103.95999908447266,104.61000061035156,7008300,106.44000244140625,105.06999969482422,100.94088745117188
11-02-2022,104.91000366210938,105.05000305175781,8674300,108.56999969482422,107.95999908447266,103.71731567382812
14-02-2022,107.7699966430664,108.0,9409900,109.41999816894531,109.23999786376953,104.94701385498047
15-02-2022,109.06999969482422,109.3499984741211,6564500,110.62999725341797,109.66999816894531,105.36012268066406
16-02-2022,109.30000305175781,109.66999816894531,8577200,111.97000122070312,111.56999969482422,107.18545532226562
17-02-2022,110.6500015258789,110.69000244140625,6320400,112.33000183105469,111.9000015258789,107.50248718261719
18-02-2022,111.18000030517578,111.5,7870300,112.4800033569336,111.61000061035156,107.22388458251953
22-02-2022,107.54000091552734,110.91999816894531,7944500,111.16999816894531,108.58999633789062,104.32255554199219
23-02-2022,108.01000213623047,109.16999816894531,5268000,109.37999725341797,108.58999633789062,104.32255554199219
24-02-2022,101.18000030517578,106.11000061035156,10355000,106.33000183105469,102.79000091552734,98.75049591064453
25-02-2022,103.52999877929688,103.80000305175781,6634400,105.9800033569336,105.23999786376953,101.10420227050781
28-02-2022,100.06999969482422,102.08000183105469,10381600,102.7699966430664,101.06999969482422,97.09808349609375
01-03-2022,100.44000244140625,101.06999969482422,5000500,102.16000366210938,101.44000244140625,97.45354461669922
02-03-2022,101.01000213623047,101.44000244140625,5426100,103.48999786376953,102.54000091552734,98.51031494140625
03-03-2022,101.62999725341797,101.62999725341797,4584600,103.08999633789062,102.4800033569336,98.45268249511719
04-03-2022,99.25,101.04000091552734,7054400,101.05999755859375,99.80000305175781,95.87799835205078
07-03-2022,92.44999694824219,97.3499984741211,14334100,97.58999633789062,93.19999694824219,89.53736114501953
08-03-2022,92.69999694824219,94.19000244140625,11529300,96.36000061035156,93.97000122070312,90.27710723876953
09-03-2022,93.3499984741211,95.22000122070312,6427300,96.06999969482422,93.80999755859375,90.12339782714844
10-03-2022,91.5999984741211,92.93000030517578,8099400,93.83000183105469,91.88999938964844,88.27884674072266
11-03-2022,88.76000213623047,92.2699966430664,8629800,92.41999816894531,88.87000274658203,85.37753295898438
14-03-2022,88.37000274658203,89.88999938964844,16030300,90.58000183105469,89.58999633789062,86.0692367553711
15-03-2022,90.61000061035156,91.33000183105469,8224500,92.94999694824219,92.66000366210938,89.01859283447266
16-03-2022,92.83000183105469,93.0,6299100,94.5,93.7699966430664,90.08496856689453
17-03-2022,92.93000030517578,93.5,6728800,93.8499984741211,93.33000183105469,89.66226196289062
18-03-2022,93.22000122070312,94.19000244140625,9667800,94.69999694824219,93.9000015258789,90.2098617553711
21-03-2022,93.38999938964844,94.55000305175781,4593800,95.0,94.13999938964844,90.4404296875
22-03-2022,93.51000213623047,94.29000091552734,5860200,95.41999816894531,93.6500015258789,89.96968078613281
23-03-2022,91.16000366210938,92.72000122070312,5038800,93.13999938964844,91.25,88.84992980957031
24-03-2022,91.33000183105469,91.44999694824219,4587100,93.08000183105469,92.58000183105469,90.14494323730469
25-03-2022,92.04000091552734,92.25,3162600,93.4800033569336,93.44999694824219,90.99205780029297
28-03-2022,91.0,92.81999969482422,4097200,93.19999694824219,92.06999969482422,89.64836120605469
29-03-2022,92.11000061035156,92.16000366210938,6964600,93.62999725341797,93.62999725341797,91.16732788085938
30-03-2022,92.80000305175781,93.69000244140625,3935000,93.9800033569336,93.94000244140625,91.46917724609375
31-03-2022,93.51000213623047,93.77999877929688,6599300,94.58000183105469,93.94000244140625,91.46917724609375
01-04-2022,94.58999633789062,94.95999908447266,5687000,96.94999694824219,96.77999877929688,94.23448181152344
04-04-2022,95.4000015258789,95.98999786376953,5176200,96.56999969482422,96.27999877929688,93.74762725830078
05-04-2022,95.41000366210938,95.41000366210938,3623500,97.02999877929688,95.66000366210938,93.1439437866211
06-04-2022,95.51000213623047,96.77999877929688,7381500,99.11000061035156,99.0199966430664,96.41555786132812
07-04-2022,97.9800033569336,98.05000305175781,8385400,100.12999725341797,99.66999816894531,97.0484619140625
08-04-2022,99.87000274658203,100.08999633789062,5086200,100.94999694824219,100.06999969482422,97.43794250488281
11-04-2022,99.58000183105469,100.87999725341797,7200300,101.66000366210938,101.23999786376953,98.57716369628906
12-04-2022,99.83000183105469,101.04000091552734,5320100,101.1500015258789,100.48999786376953,97.8469009399414
13-04-2022,100.31999969482422,100.31999969482422,6708300,101.58999633789062,101.19999694824219,98.53821563720703
14-04-2022,100.76000213623047,101.0,4370000,102.04000091552734,101.7699966430664,99.09322357177734
18-04-2022,100.87999725341797,101.48999786376953,7424800,102.25,101.05000305175781,98.39217376708984
19-04-2022,100.66999816894531,101.16000366210938,6603900,102.69000244140625,102.58000183105469,99.88192749023438
20-04-2022,102.29000091552734,102.29000091552734,5796800,103.87999725341797,103.05000305175781,100.33956146240234
21-04-2022,101.93000030517578,103.37000274658203,5835500,105.73999786376953,105.05999755859375,102.29669952392578
22-04-2022,102.58999633789062,105.16999816894531,4139900,105.19999694824219,102.69000244140625,99.9890365600586
25-04-2022,100.23999786376953,101.93000030517578,4580300,102.69999694824219,102.52999877929688,99.83323669433594
26-04-2022,102.12000274658203,102.55999755859375,4614700,103.30000305175781,102.7699966430664,100.06692504882812
27-04-2022,101.61000061035156,103.0999984741211,4259400,103.2699966430664,101.69000244140625,99.01533508300781
28-04-2022,100.94999694824219,102.0,4399800,103.12000274658203,102.41000366210938,99.71640014648438
29-04-2022,99.79000091552734,102.62000274658203,4911100,102.95999908447266,100.0,97.36978149414062
02-05-2022,96.48999786376953,101.38999938964844,7263500,101.38999938964844,98.56999969482422,95.9773941040039
03-05-2022,97.43000030517578,98.88999938964844,3839600,99.56999969482422,98.98999786376953,96.3863525390625
04-05-2022,98.41999816894531,98.69000244140625,3562100,100.63999938964844,100.55999755859375,97.91505432128906
05-05-2022,99.13999938964844,99.77999877929688,4072600,101.55000305175781,99.7699966430664,97.14582824707031
06-05-2022,97.9800033569336,98.98999786376953,3384400,99.62999725341797,98.94000244140625,96.3376693725586
09-05-2022,97.33999633789062,98.47000122070312,7282300,102.0,99.87000274658203,97.24320983886719
10-05-2022,98.12999725341797,99.5999984741211,7091500,100.58000183105469,98.87999725341797,96.27924346923828
11-05-2022,99.5,99.55000305175781,8132100,104.7300033569336,103.62000274658203,100.89457702636719
12-05-2022,101.77999877929688,104.05999755859375,7908500,105.19000244140625,103.37000274658203,100.65115356445312
13-05-2022,102.94999694824219,103.79000091552734,2816100,104.81999969482422,104.43000030517578,101.68326568603516
16-05-2022,104.12000274658203,104.36000061035156,5423700,106.62999725341797,105.91000366210938,103.12434387207031
17-05-2022,105.51000213623047,106.81999969482422,4199300,106.97000122070312,106.30000305175781,103.50408935546875
18-05-2022,105.19999694824219,107.0,5819500,107.01000213623047,106.18000030517578,103.38723754882812
19-05-2022,99.86000061035156,105.0,9297700,105.18000030517578,100.5,97.85663604736328
20-05-2022,99.62999725341797,100.68000030517578,5077000,101.75,101.1500015258789,98.48954010009766
23-05-2022,101.5999984741211,103.0999984741211,6296700,105.73999786376953,102.91000366210938,100.20325469970703
24-05-2022,102.77999877929688,102.77999877929688,6116800,106.7300033569336,106.62000274658203,103.81566619873047
25-05-2022,106.11000061035156,107.06999969482422,6839900,109.80999755859375,108.56999969482422,105.71437072753906
26-05-2022,107.9800033569336,108.86000061035156,4623500,109.66999816894531,108.06999969482422,105.22753143310547
27-05-2022,105.91999816894531,108.5999984741211,6977000,108.62999725341797,106.97000122070312,104.15645599365234
31-05-2022,105.06999969482422,106.16999816894531,7741200,107.22000122070312,106.25,103.45539855957031
01-06-2022,104.62000274658203,106.4800033569336,6407200,106.54000091552734,105.76000213623047,102.97828674316406
02-06-2022,103.25,105.69999694824219,5823000,106.37000274658203,106.20999908447266,103.41645050048828
03-06-2022,105.5199966430664,106.20999908447266,5991600,106.97000122070312,105.5199966430664,102.74459075927734
06-06-2022,106.01000213623047,106.94999694824219,5633100,107.72000122070312,106.37000274658203,103.5722427368164
07-06-2022,104.91000366210938,105.63999938964844,4629300,106.41999816894531,106.27999877929688,103.48460388183594
08-06-2022,103.08999633789062,104.62999725341797,8555300,105.18000030517578,103.54000091552734,100.81668090820312
09-06-2022,101.61000061035156,103.91999816894531,3625700,104.0999984741211,101.69000244140625,99.01533508300781
10-06-2022,100.19999694824219,100.55000305175781,3819000,103.37000274658203,102.33000183105469,99.63850402832031
13-06-2022,97.98999786376953,101.3499984741211,4297800,101.79000091552734,98.5,95.90924072265625
14-06-2022,98.06999969482422,98.97000122070312,4013500,100.05999755859375,98.97000122070312,96.36687469482422
15-06-2022,97.87999725341797,99.58999633789062,5760600,100.3499984741211,98.20999908447266,95.62686920166016
16-06-2022,96.26000213623047,97.25,5581100,98.5999984741211,98.2699966430664,95.6852798461914
17-06-2022,97.80000305175781,98.0,12262300,99.16000366210938,97.94999694824219,95.37370300292969
21-06-2022,97.68000030517578,100.0,6843000,100.1500015258789,100.0999984741211,97.46715545654297
22-06-2022,97.20999908447266,99.7300033569336,5006900,100.13999938964844,99.18000030517578,96.57135009765625
23-06-2022,99.33999633789062,99.5,5619700,101.87000274658203,101.56999969482422,98.89849090576172
24-06-2022,101.0,102.0,6048700,104.75,103.4000015258789,100.68035888671875
27-06-2022,102.43000030517578,103.5199966430664,5446800,103.94999694824219,102.70999908447266,100.00850677490234
28-06-2022,101.83000183105469,102.98999786376953,5036600,103.87999725341797,102.44000244140625,99.74560546875
29-06-2022,100.61000061035156,101.87999725341797,2805300,102.68000030517578,100.87000274658203,98.21690368652344
30-06-2022,97.69000244140625,98.66000366210938,4591700,99.05999755859375,98.73999786376953,97.34928894042969
01-07-2022,97.95999908447266,98.6500015258789,3283900,99.95999908447266,99.72000122070312,98.31549072265625
05-07-2022,96.91999816894531,98.77999877929688,3464500,99.06999969482422,98.08000183105469,96.69859313964844
06-07-2022,94.73999786376953,98.76000213623047,8146500,98.9800033569336,95.0,93.66197204589844
07-07-2022,93.76000213623047,95.02999877929688,5858200,95.79000091552734,94.98999786376953,93.65210723876953
08-07-2022,93.81999969482422,94.88999938964844,3108900,95.16999816894531,93.88999938964844,92.5676040649414
11-07-2022,93.05000305175781,94.18000030517578,3065000,94.58000183105469,93.2300033569336,91.91690063476562
12-07-2022,93.11000061035156,93.27999877929688,3736200,94.79000091552734,93.80000305175781,92.47887420654297
13-07-2022,90.55999755859375,93.55000305175781,6290100,94.08000183105469,90.6500015258789,89.37323760986328
14-07-2022,88.2699966430664,89.25,5867400,89.87999725341797,89.62000274658203,88.35774993896484
15-07-2022,89.81999969482422,90.70999908447266,5170900,91.22000122070312,90.18000030517578,88.90985870361328
18-07-2022,89.22000122070312,90.18000030517578,4136800,90.9000015258789,89.51000213623047,88.24929809570312
19-07-2022,90.22000122070312,90.80000305175781,5459600,91.47000122070312,91.43000030517578,90.14225006103516
20-07-2022,89.5999984741211,91.18000030517578,4936000,91.6500015258789,89.83000183105469,88.56478881835938
21-07-2022,90.25,90.29000091552734,6650400,95.0,93.58999633789062,92.2718276977539
22-07-2022,94.08000183105469,94.08000183105469,5307600,96.0999984741211,95.93000030517578,94.57887268066406
25-07-2022,95.16999816894531,96.0,5358000,96.37999725341797,95.83999633789062,94.4901351928711
26-07-2022,95.31999969482422,96.0,4671700,96.63999938964844,96.52999877929688,95.17041778564453
27-07-2022,95.13999938964844,95.76000213623047,6309300,97.63999938964844,96.95999908447266,95.59436798095703
28-07-2022,96.20999908447266,96.88999938964844,5447900,97.63999938964844,97.16999816894531,95.80140686035156
29-07-2022,96.05000305175781,96.41000366210938,4267400,97.19000244140625,97.1500015258789,95.78169250488281
01-08-2022,97.16999816894531,97.44999694824219,5315900,99.20999908447266,98.4800033569336,97.09295654296875
02-08-2022,98.11000061035156,98.9000015258789,4740600,99.23999786376953,98.6500015258789,97.26056671142578
03-08-2022,98.31999969482422,98.69999694824219,3450100,99.79000091552734,98.80999755859375,97.41830444335938
04-08-2022,97.58000183105469,98.5,3252300,98.77999877929688,98.0,96.61972045898438
05-08-2022,97.06999969482422,97.87000274658203,2346500,97.87000274658203,97.5999984741211,96.22534942626953
08-08-2022,97.38999938964844,98.20999908447266,3938300,98.52999877929688,97.63999938964844,96.26478576660156
09-08-2022,97.06999969482422,98.37999725341797,1952500,98.48999786376953,97.37000274658203,95.99859619140625
10-08-2022,96.77999877929688,97.62000274658203,3311100,98.33000183105469,98.12999725341797,96.74788665771484
11-08-2022,98.29000091552734,98.58000183105469,3825500,100.37999725341797,99.47000122070312,98.06901550292969
12-08-2022,98.66999816894531,99.79000091552734,3068100,100.05999755859375,99.23999786376953,97.84224700927734
15-08-2022,99.25,99.37999725341797,5789400,101.11000061035156,101.0,99.57746124267578
16-08-2022,100.7300033569336,100.7300033569336,3469200,102.19000244140625,101.72000122070312,100.28732299804688
17-08-2022,100.9800033569336,101.55000305175781,3041900,102.02999877929688,101.16999816894531,99.74506378173828
18-08-2022,100.08000183105469,101.13999938964844,2566800,101.25,100.5,99.08450317382812
19-08-2022,99.83999633789062,100.37999725341797,2947600,100.43000030517578,100.12999725341797,98.71971130371094
22-08-2022,97.83999633789062,99.6500015258789,3190900,99.94000244140625,98.29000091552734,96.90563201904297
23-08-2022,96.36000061035156,97.44999694824219,3319500,98.18000030517578,97.80000305175781,96.42253875732422
24-08-2022,97.05999755859375,97.45999908447266,2423900,97.93000030517578,97.63999938964844,96.26478576660156
25-08-2022,97.52999877929688,97.94000244140625,2358000,98.33999633789062,98.19000244140625,96.80704498291016
26-08-2022,96.4800033569336,98.5999984741211,2938100,98.73999786376953,96.55000305175781,95.19013977050781
29-08-2022,95.72000122070312,96.19999694824219,2293000,96.9000015258789,96.23999786376953,94.88450622558594
30-08-2022,95.18000030517578,96.23999786376953,2178400,96.66000366210938,95.48999786376953,94.14506530761719
31-08-2022,95.20999908447266,95.51000213623047,3959700,96.30000305175781,95.48999786376953,94.14506530761719
01-09-2022,95.3499984741211,95.44999694824219,3451400,97.31999969482422,96.4800033569336,95.12113189697266
02-09-2022,94.0999984741211,96.9000015258789,4077100,97.51000213623047,94.52999877929688,93.1985855102539
06-09-2022,93.79000091552734,94.97000122070312,4130500,95.31999969482422,94.0999984741211,92.77464294433594
07-09-2022,93.52999877929688,94.16999816894531,3965000,94.94000244140625,94.61000061035156,93.2774658203125
08-09-2022,94.08999633789062,94.37999725341797,3641700,95.98999786376953,95.62000274658203,94.27323913574219
09-09-2022,95.58000183105469,96.06999969482422,3418600,97.87000274658203,97.05999755859375,95.69295501708984
12-09-2022,97.23999786376953,97.5,3675600,98.2300033569336,97.66000366210938,96.28450775146484
13-09-2022,93.75,96.95999908447266,3196400,97.19999694824219,94.0199966430664,92.69577026367188
14-09-2022,93.08999633789062,94.41999816894531,3498600,94.48999786376953,93.69999694824219,92.38027954101562
15-09-2022,93.13999938964844,93.83000183105469,3661200,94.4800033569336,94.04000091552734,92.71549224853516
16-09-2022,94.02999877929688,95.48999786376953,10447000,95.76000213623047,95.55999755859375,94.21408081054688
19-09-2022,94.30000305175781,94.87999725341797,4048000,96.04000091552734,95.91999816894531,94.56900787353516
20-09-2022,95.08999633789062,95.5199966430664,3616700,96.7300033569336,96.01000213623047,94.65774536132812
21-09-2022,96.08000183105469,96.19000244140625,5183800,97.47000122070312,96.41999816894531,95.06196594238281
22-09-2022,95.26000213623047,96.37999725341797,3802900,96.9800033569336,95.79000091552734,94.44084167480469
23-09-2022,90.62000274658203,95.0,5286000,95.16000366210938,91.79000091552734,90.49718475341797
26-09-2022,90.05000305175781,91.41000366210938,4482200,92.36000061035156,90.16999816894531,88.89999389648438
27-09-2022,86.83000183105469,89.4800033569336,7067800,90.12999725341797,87.0199966430664,87.0199966430664
28-09-2022,86.0999984741211,87.27999877929688,8287300,87.83000183105469,87.3499984741211,87.3499984741211
29-09-2022,85.61000061035156,87.12000274658203,4301400,87.5,86.08999633789062,86.08999633789062
30-09-2022,82.8499984741211,86.0,7257000,86.36000061035156,83.01000213623047,83.01000213623047
03-10-2022,83.73999786376953,84.16999816894531,4789500,85.44000244140625,85.02999877929688,85.02999877929688
04-10-2022,85.05999755859375,85.37999725341797,5483700,87.5,87.0,87.0
05-10-2022,86.19999694824219,86.3499984741211,4317100,87.45999908447266,86.97000122070312,86.97000122070312
06-10-2022,84.83000183105469,86.52999877929688,4963600,86.8499984741211,85.47000122070312,85.47000122070312
07-10-2022,84.22000122070312,85.26000213623047,3464600,85.61000061035156,84.6500015258789,84.6500015258789
10-10-2022,84.0,84.93000030517578,2717700,85.5999984741211,84.0,84.0
11-10-2022,84.01000213623047,84.01000213623047,5037300,86.69000244140625,85.62000274658203,85.62000274658203
12-10-2022,85.5999984741211,86.25,3901200,87.37999725341797,85.66999816894531,85.66999816894531
13-10-2022,84.0,84.16999816894531,4495700,87.41999816894531,87.2300033569336,87.2300033569336
14-10-2022,85.08999633789062,87.80999755859375,3534100,88.30000305175781,85.26000213623047,85.26000213623047
17-10-2022,85.08499908447266,86.0999984741211,3210699,86.44499969482422,85.56999969482422,85.56999969482422
